120336, 137997, 137998, 137998, 137997, 155654,
120352, 138009, 138010, 138010, 138009, 155655,
120368, 138021, 138022, 138022, 138021, 155656,
120384, 138033, 138034, 138034, 138033, 155657,
120400, 138045, 138046, 138046, 138045, 155658,
120416, 138057, 138033, 138033, 138057, 155657,
120432, 138067, 138045, 138045, 138067, 155658,
120448, 138077, 138078, 138078, 138077, 155659,
120464, 138089, 138090, 138090, 138089, 155660,
120480, 138034, 138100, 138100, 138034, 155657,
120496, 138111, 138112, 138112, 138111, 155661,
120512, 138123, 138077, 138077, 138123, 155659,
120528, 138133, 138134, 138134, 138133, 155662,
120544, 138145, 138067, 138067, 138145, 155658,
120560, 138090, 138154, 138154, 138090, 155660,
120576, 138112, 138164, 138164, 138112, 155661,
120592, 138175, 138176, 138176, 138175, 155663,
120608, 138187, 138123, 138123, 138187, 155659,
120624, 138197, 138198, 138198, 138197, 155664,
120640, 138209, 138210, 138210, 138209, 155665,
120656, 138221, 138133, 138133, 138221, 155662,
120672, 138231, 138232, 138232, 138231, 155666,
120688, 138154, 138242, 138242, 138154, 155660,
120704, 138253, 138175, 138175, 138253, 155663,
120720, 138164, 138262, 138262, 138164, 155661,
120736, 138262, 138272, 138272, 138262, 155661,
120752, 138283, 138284, 138284, 138283, 155662,
120768, 138284, 138221, 138221, 138284, 155662,
120784, 138210, 138302, 138302, 138210, 155665,
120800, 138302, 138312, 138312, 138302, 155665,
120816, 138323, 138253, 138253, 138323, 155663,
120832, 138333, 138334, 138334, 138333, 155667,
120848, 138345, 138346, 138346, 138345, 155668,
120864, 138357, 138358, 138358, 138357, 155669,
120880, 138369, 138333, 138333, 138369, 155667,
120896, 138379, 138380, 138380, 138379, 155670,
120912, 138391, 138357, 138357, 138391, 155669,
120928, 138346, 138400, 138400, 138346, 155668,
120944, 138411, 138379, 138379, 138411, 155670,
120960, 138358, 138391, 138391, 138358, 155669,
120976, 138380, 138411, 138411, 138380, 155670,
120992, 138400, 138345, 138345, 138400, 155668,
121008, 138334, 138369, 138369, 138334, 155667,
121024, 138453, 138197, 138197, 138453, 155664,
121040, 138176, 138462, 138462, 138176, 155663,
121056, 138462, 138323, 138323, 138462, 155663,
121072, 138312, 138480, 138480, 138312, 155665,
121088, 138480, 138209, 138209, 138480, 155665,
121104, 138232, 138498, 138498, 138232, 155666,
121120, 138498, 138508, 138508, 138498, 155666,
121136, 138519, 138453, 138453, 138519, 155664,
121152, 138529, 138530, 138530, 138529, 155671,
121168, 138541, 138542, 138542, 138541, 155672,
121184, 138553, 138554, 138554, 138553, 155673,
121200, 138565, 138529, 138529, 138565, 155671,
121216, 138575, 138576, 138576, 138575, 155674,
121232, 138587, 138553, 138553, 138587, 155673,
121248, 138542, 138596, 138596, 138542, 155672,
121264, 138607, 138575, 138575, 138607, 155674,
121280, 138554, 138587, 138587, 138554, 155673,
121296, 138576, 138607, 138607, 138576, 155674,
121312, 138596, 138541, 138541, 138596, 155672,
121328, 138530, 138565, 138565, 138530, 155671,
121344, 138649, 138187, 138187, 138649, 155659,
121360, 138198, 138658, 138658, 138198, 155664,
121376, 138658, 138519, 138519, 138658, 155664,
121392, 138508, 138676, 138676, 138508, 155666,
121408, 138676, 138231, 138231, 138676, 155666,
121424, 138242, 138694, 138694, 138242, 155660,
121440, 138694, 138089, 138089, 138694, 155660,
121456, 138078, 138649, 138649, 138078, 155659,
121472, 138721, 138722, 138722, 138721, 155675,
121488, 138733, 138734, 138734, 138733, 155676,
121504, 138745, 138746, 138746, 138745, 155677,
121520, 138757, 138721, 138721, 138757, 155675,
121536, 138767, 138768, 138768, 138767, 155678,
121552, 138779, 138745, 138745, 138779, 155677,
121568, 138734, 138788, 138788, 138734, 155676,
121584, 138799, 138767, 138767, 138799, 155678,
121600, 138746, 138779, 138779, 138746, 155677,
121616, 138768, 138799, 138799, 138768, 155678,
121632, 138788, 138733, 138733, 138788, 155676,
121648, 138722, 138757, 138757, 138722, 155675,
121664, 138841, 138111, 138111, 138841, 155661,
121680, 138100, 138850, 138850, 138100, 155657,
121696, 138850, 138057, 138057, 138850, 155657,
121712, 138046, 138868, 138868, 138046, 155658,
121728, 138868, 138145, 138145, 138868, 155658,
121744, 138134, 138886, 138886, 138134, 155662,
121760, 138886, 138283, 138283, 138886, 155662,
121776, 138272, 138841, 138841, 138272, 155661,
121792, 138913, 138914, 138914, 138913, 155679,
121808, 138925, 138926, 138926, 138925, 155680,
121824, 138937, 138938, 138938, 138937, 155681,
121840, 138949, 138913, 138913, 138949, 155679,
121856, 138959, 138960, 138960, 138959, 155682,
121872, 138971, 138937, 138937, 138971, 155681,
121888, 138926, 138980, 138980, 138926, 155680,
121904, 138991, 138959, 138959, 138991, 155682,
121920, 138938, 138971, 138971, 138938, 155681,
121936, 138960, 138991, 138991, 138960, 155682,
121952, 138980, 138925, 138925, 138980, 155680,
121968, 138914, 138949, 138949, 138914, 155679,
121984, 139033, 139034, 139034, 139033, 155683,
122000, 139045, 138009, 138009, 139045, 155655,
122016, 139055, 139056, 139056, 139055, 155684,
122032, 139067, 139068, 139068, 139067, 155685,
122048, 139034, 139078, 139078, 139034, 155683,
122064, 139089, 139090, 139090, 139089, 155686,
122080, 139101, 139102, 139102, 139101, 155687,
122096, 139102, 139112, 139112, 139102, 155687,
122112, 139123, 139124, 139124, 139123, 155688,
122128, 139135, 139045, 139045, 139135, 155655,
122144, 139145, 139089, 139089, 139145, 155686,
122160, 139078, 139033, 139033, 139078, 155683,
122176, 139163, 139164, 139164, 139163, 155689,
122192, 139175, 139163, 139163, 139175, 155689,
122208, 138022, 139184, 139184, 138022, 155656,
122224, 139195, 139196, 139196, 139195, 155690,
122240, 139207, 139175, 139175, 139207, 155689,
122256, 139184, 139216, 139216, 139184, 155656,
122272, 139227, 139228, 139228, 139227, 155691,
122288, 139239, 139240, 139240, 139239, 155692,
122304, 139251, 139252, 139252, 139251, 155693,
122320, 139263, 139251, 139251, 139263, 155693,
122336, 139273, 139263, 139263, 139273, 155693,
122352, 139283, 139284, 139284, 139283, 155694,
122368, 139295, 139296, 139296, 139295, 155695,
122384, 139307, 139308, 139308, 139307, 155696,
122400, 139319, 139307, 139307, 139319, 155696,
122416, 139240, 139328, 139328, 139240, 155692,
122432, 139339, 139319, 139319, 139339, 155696,
122448, 139328, 139348, 139348, 139328, 155692,
122464, 139359, 139360, 139360, 139359, 155697,
122480, 139371, 139372, 139372, 139371, 155698,
122496, 139383, 139384, 139384, 139383, 155699,
122512, 139384, 139394, 139394, 139384, 155699,
122528, 139405, 139406, 139406, 139405, 155700,
122544, 139284, 139416, 139416, 139284, 155694,
122560, 139406, 139426, 139426, 139406, 155700,
122576, 139437, 139295, 139295, 139437, 155695,
122592, 139416, 139446, 139446, 139416, 155694,
122608, 139457, 139458, 139458, 139457, 155701,
122624, 139469, 139470, 139470, 139469, 155702,
122640, 139470, 139480, 139480, 139470, 155702,
122656, 139372, 139490, 139490, 139372, 155698,
122672, 139501, 139502, 139502, 139501, 155703,
122688, 139513, 139514, 139514, 139513, 155704,
122704, 139525, 139526, 139526, 139525, 155705,
122720, 139537, 139538, 139538, 139537, 155702,
122736, 139538, 139469, 139469, 139538, 155702,
122752, 139458, 139556, 139556, 139458, 155701,
122768, 139567, 139568, 139568, 139567, 155706,
122784, 139579, 139580, 139580, 139579, 155707,
122800, 139556, 139590, 139590, 139556, 155701,
122816, 139601, 139579, 139579, 139601, 155707,
122832, 139611, 139612, 139612, 139611, 155708,
122848, 139623, 139501, 139501, 139623, 155703,
122864, 139490, 139632, 139632, 139490, 155698,
122880, 139643, 139644, 139644, 139643, 155706,
122896, 139655, 139623, 139623, 139655, 155703,
122912, 139665, 139666, 139666, 139665, 155699,
122928, 139394, 139665, 139665, 139394, 155699,
122944, 139685, 139686, 139686, 139685, 155709,
122960, 139697, 139685, 139685, 139697, 155709,
122976, 139707, 139697, 139697, 139707, 155709,
122992, 139686, 139716, 139716, 139686, 155709,
123008, 139727, 139728, 139728, 139727, 155710,
123024, 139739, 139740, 139740, 139739, 155711,
123040, 139751, 139752, 139752, 139751, 155712,
123056, 139763, 139727, 139727, 139763, 155710,
123072, 139773, 139774, 139774, 139773, 155713,
123088, 139785, 139751, 139751, 139785, 155712,
123104, 139740, 139794, 139794, 139740, 155711,
123120, 139805, 139773, 139773, 139805, 155713,
123136, 139728, 139814, 139814, 139728, 155710,
123152, 139825, 139826, 139826, 139825, 155714,
123168, 139837, 139838, 139838, 139837, 155715,
123184, 139849, 139739, 139739, 139849, 155711,
123200, 139859, 139860, 139860, 139859, 155716,
123216, 139871, 139785, 139785, 139871, 155712,
123232, 139774, 139880, 139880, 139774, 155713,
123248, 139891, 139892, 139892, 139891, 155717,
123264, 139903, 139825, 139825, 139903, 155714,
123280, 139814, 139912, 139912, 139814, 155710,
123296, 139912, 139763, 139763, 139912, 155710,
123312, 139752, 139930, 139930, 139752, 155712,
123328, 139930, 139871, 139871, 139930, 155712,
123344, 139860, 139948, 139948, 139860, 155716,
123360, 139948, 139958, 139958, 139948, 155716,
123376, 139969, 139903, 139903, 139969, 155714,
123392, 139979, 139980, 139980, 139979, 155718,
123408, 139991, 139992, 139992, 139991, 155719,
123424, 140003, 140004, 140004, 140003, 155720,
123440, 140015, 139979, 139979, 140015, 155718,
123456, 140025, 140026, 140026, 140025, 155721,
123472, 140037, 140003, 140003, 140037, 155720,
123488, 139992, 140046, 140046, 139992, 155719,
123504, 140057, 140025, 140025, 140057, 155721,
123520, 140004, 140037, 140037, 140004, 155720,
123536, 140026, 140057, 140057, 140026, 155721,
123552, 140046, 139991, 139991, 140046, 155719,
123568, 139980, 140015, 140015, 139980, 155718,
123584, 140099, 139837, 139837, 140099, 155715,
123600, 139826, 140108, 140108, 139826, 155714,
123616, 140108, 139969, 139969, 140108, 155714,
123632, 139958, 140126, 140126, 139958, 155716,
123648, 140126, 139859, 139859, 140126, 155716,
123664, 139892, 140144, 140144, 139892, 155717,
123680, 140144, 140154, 140154, 140144, 155717,
123696, 140165, 140099, 140099, 140165, 155715,
123712, 140175, 140176, 140176, 140175, 155722,
123728, 140187, 140188, 140188, 140187, 155723,
123744, 140199, 140200, 140200, 140199, 155724,
123760, 140211, 140175, 140175, 140211, 155722,
123776, 140221, 140222, 140222, 140221, 155725,
123792, 140233, 140199, 140199, 140233, 155724,
123808, 140188, 140242, 140242, 140188, 155723,
123824, 140253, 140221, 140221, 140253, 155725,
123840, 140200, 140233, 140233, 140200, 155724,
123856, 140222, 140253, 140253, 140222, 155725,
123872, 140242, 140187, 140187, 140242, 155723,
123888, 140176, 140211, 140211, 140176, 155722,
123904, 140295, 139849, 139849, 140295, 155711,
123920, 139838, 140304, 140304, 139838, 155715,
123936, 140304, 140165, 140165, 140304, 155715,
123952, 140154, 140322, 140322, 140154, 155717,
123968, 140322, 139891, 139891, 140322, 155717,
123984, 139880, 140340, 140340, 139880, 155713,
124000, 140340, 139805, 139805, 140340, 155713,
124016, 139794, 140295, 140295, 139794, 155711,
124032, 140367, 140368, 140368, 140367, 155726,
124048, 140379, 140380, 140380, 140379, 155727,
124064, 140391, 140392, 140392, 140391, 155728,
124080, 140403, 140367, 140367, 140403, 155726,
124096, 140413, 140414, 140414, 140413, 155729,
124112, 140425, 140391, 140391, 140425, 155728,
124128, 140380, 140434, 140434, 140380, 155727,
124144, 140445, 140413, 140413, 140445, 155729,
124160, 140392, 140425, 140425, 140392, 155728,
124176, 140414, 140445, 140445, 140414, 155729,
124192, 140434, 140379, 140379, 140434, 155727,
124208, 140368, 140403, 140403, 140368, 155726,
124224, 140487, 140488, 140488, 140487, 155730,
124240, 140499, 139457, 139457, 140499, 155701,
124256, 140509, 140510, 140510, 140509, 155704,
124272, 140521, 140522, 140522, 140521, 155708,
124288, 140488, 140532, 140532, 140488, 155730,
124304, 139590, 140499, 140499, 139590, 155701,
124320, 140522, 139611, 139611, 140522, 155708,
124336, 140559, 140560, 140560, 140559, 155731,
124352, 140571, 140572, 140572, 140571, 155731,
124368, 140583, 140571, 140571, 140583, 155731,
124384, 140593, 140594, 140594, 140593, 155732,
124400, 140605, 140606, 140606, 140605, 155733,
124416, 140617, 140618, 140618, 140617, 155734,
124432, 140629, 140630, 140630, 140629, 155735,
124448, 140641, 140642, 140642, 140641, 155736,
124464, 140653, 140617, 140617, 140653, 155734,
124480, 140663, 140664, 140664, 140663, 155732,
124496, 140664, 140674, 140674, 140664, 155732,
124512, 140685, 140686, 140686, 140685, 155737,
124528, 140697, 140698, 140698, 140697, 155738,
124544, 140630, 140708, 140708, 140630, 155735,
124560, 140719, 140697, 140697, 140719, 155738,
124576, 140572, 140728, 140728, 140572, 155731,
124592, 140728, 140559, 140559, 140728, 155731,
124608, 140747, 140748, 140748, 140747, 155739,
124624, 140759, 140760, 140760, 140759, 155740,
124640, 140771, 140772, 140772, 140771, 155737,
124656, 140748, 140782, 140782, 140748, 155739,
124672, 140793, 140794, 140794, 140793, 155741,
124688, 140805, 140806, 140806, 140805, 155742,
124704, 140817, 140818, 140818, 140817, 155743,
124720, 140829, 140830, 140830, 140829, 155744,
124736, 140782, 140840, 140840, 140782, 155739,
124752, 140851, 140805, 140805, 140851, 155742,
124768, 140794, 140860, 140860, 140794, 155741,
124784, 140860, 140793, 140793, 140860, 155741,
124800, 140830, 140878, 140878, 140830, 155744,
124816, 140889, 140593, 140593, 140889, 155732,
124832, 140674, 140889, 140889, 140674, 155732,
124848, 140878, 140829, 140829, 140878, 155744,
124864, 140818, 140914, 140914, 140818, 155743,
124880, 140925, 140685, 140685, 140925, 155737,
124896, 140840, 140934, 140934, 140840, 155739,
124912, 140945, 140925, 140925, 140945, 155737,
124928, 140914, 140817, 140817, 140914, 155743,
124944, 140806, 140851, 140851, 140806, 155742,
124960, 140971, 140641, 140641, 140971, 155736,
124976, 140686, 140771, 140771, 140686, 155737,
124992, 140760, 140988, 140988, 140760, 155740,
125008, 139568, 139643, 139643, 139568, 155706,
125024, 139632, 141006, 141006, 139632, 155698,
125040, 141017, 140487, 140487, 141017, 155730,
125056, 140934, 140747, 140747, 140934, 155739,
125072, 140772, 140945, 140945, 140772, 155737,
125088, 140532, 141042, 141042, 140532, 155730,
125104, 141053, 139227, 139227, 141053, 155691,
125120, 141063, 141053, 141053, 141063, 155691,
125136, 141073, 141074, 141074, 141073, 155688,
125152, 139124, 141073, 141073, 139124, 155688,
125168, 141093, 139135, 139135, 141093, 155655,
125184, 138010, 141093, 141093, 138010, 155655,
125200, 141111, 138021, 138021, 141111, 155656,
125216, 139216, 141111, 141111, 139216, 155656,
125232, 141129, 139359, 139359, 141129, 155697,
125248, 139228, 141138, 141138, 139228, 155691,
125264, 141138, 141063, 141063, 141138, 155691,
125280, 141074, 141156, 141156, 141074, 155688,
125296, 141167, 137997, 137997, 141167, 155654,
125312, 139480, 139537, 139537, 139480, 155702,
125328, 139526, 141184, 141184, 139526, 155705,
125344, 139112, 139101, 139101, 139112, 155687,
125360, 139090, 141202, 141202, 139090, 155686,
125376, 141213, 141167, 141167, 141213, 155654,
125392, 141156, 139123, 139123, 141156, 155688,
125408, 141006, 139371, 139371, 141006, 155698,
125424, 141239, 141240, 141240, 141239, 155695,
125440, 141251, 141252, 141252, 141251, 155745,
125456, 139716, 139707, 139707, 139716, 155709,
125472, 139426, 139405, 139405, 139426, 155700,
125488, 141240, 139437, 139437, 141240, 155695,
125504, 141252, 141286, 141286, 141252, 155745,
125520, 139666, 139383, 139383, 139666, 155699,
125536, 141184, 139525, 139525, 141184, 155705,
125552, 141286, 141251, 141251, 141286, 155745,
125568, 139164, 141320, 141320, 139164, 155689,
125584, 141331, 139195, 139195, 141331, 155690,
125600, 139296, 141239, 141239, 139296, 155695,
125616, 140594, 141348, 141348, 140594, 155732,
125632, 141359, 140605, 140605, 141359, 155733,
125648, 141348, 140663, 140663, 141348, 155732,
125664, 140606, 141359, 141359, 140606, 155733,
125680, 139502, 141384, 141384, 139502, 155703,
125696, 141395, 139567, 139567, 141395, 155706,
125712, 139580, 139601, 139601, 139580, 155707,
125728, 139612, 141412, 141412, 139612, 155708,
125744, 141423, 141424, 141424, 141423, 155746,
125760, 139644, 141395, 141395, 139644, 155706,
125776, 141424, 141442, 141442, 141424, 155746,
125792, 141384, 139655, 139655, 141384, 155703,
125808, 141442, 141423, 141423, 141442, 155746,
125824, 141412, 140521, 140521, 141412, 155708,
125840, 140510, 139513, 139513, 140510, 155704,
125856, 141485, 141486, 141486, 141485, 155747,
125872, 141497, 140509, 140509, 141497, 155704,
125888, 141507, 141485, 141485, 141507, 155747,
125904, 139514, 141497, 141497, 139514, 155704,
125920, 141486, 141507, 141507, 141486, 155747,
125936, 141042, 141017, 141017, 141042, 155730,
125952, 140560, 140583, 140583, 140560, 155731,
125968, 141549, 139145, 139145, 141549, 155686,
125984, 141202, 141549, 141549, 141202, 155686,
126000, 141567, 141213, 141213, 141567, 155654,
126016, 137998, 141567, 141567, 137998, 155654,
126032, 139056, 141584, 141584, 139056, 155684,
126048, 141584, 139055, 139055, 141584, 155684,
126064, 139068, 141602, 141602, 139068, 155685,
126080, 141602, 139067, 139067, 141602, 155685,
126096, 141621, 141622, 141622, 141621, 155748,
126112, 141622, 141632, 141632, 141622, 155748,
126128, 141643, 141644, 141644, 141643, 155749,
126144, 141644, 141654, 141654, 141644, 155749,
126160, 141665, 141666, 141666, 141665, 155750,
126176, 141677, 141665, 141665, 141677, 155750,
126192, 141687, 141688, 141688, 141687, 155751,
126208, 141699, 141687, 141687, 141699, 155751,
126224, 141709, 141710, 141710, 141709, 155752,
126240, 141721, 141722, 141722, 141721, 155753,
126256, 141733, 141734, 141734, 141733, 155754,
126272, 141745, 141746, 141746, 141745, 155755,
126288, 141757, 141733, 141733, 141757, 155754,
126304, 141767, 141745, 141745, 141767, 155755,
126320, 141734, 141757, 141757, 141734, 155754,
126336, 141785, 141786, 141786, 141785, 155755,
126352, 141797, 141798, 141798, 141797, 155756,
126368, 141809, 141810, 141810, 141809, 155757,
126384, 141821, 141822, 141822, 141821, 155758,
126400, 141810, 141832, 141832, 141810, 155757,
126416, 141843, 141844, 141844, 141843, 155759,
126432, 141832, 141809, 141809, 141832, 155757,
126448, 141798, 141862, 141862, 141798, 155756,
126464, 141873, 141874, 141874, 141873, 155760,
126480, 141885, 141843, 141843, 141885, 155759,
126496, 141822, 141894, 141894, 141822, 155758,
126512, 141905, 141906, 141906, 141905, 155761,
126528, 141917, 141918, 141918, 141917, 155762,
126544, 141929, 141905, 141905, 141929, 155761,
126560, 141918, 141938, 141938, 141918, 155762,
126576, 141949, 141950, 141950, 141949, 155763,
126592, 141961, 141962, 141962, 141961, 155764,
126608, 141973, 141974, 141974, 141973, 155765,
126624, 141985, 141986, 141986, 141985, 155766,
126640, 141997, 141998, 141998, 141997, 155767,
126656, 142009, 142010, 142010, 142009, 155768,
126672, 142021, 142022, 142022, 142021, 155769,
126688, 142033, 142034, 142034, 142033, 155763,
126704, 141986, 142044, 142044, 141986, 155766,
126720, 142055, 142056, 142056, 142055, 155770,
126736, 142044, 141985, 141985, 142044, 155766,
126752, 142034, 141949, 141949, 142034, 155763,
126768, 142083, 142084, 142084, 142083, 155771,
126784, 142095, 142096, 142096, 142095, 155772,
126800, 142107, 141677, 141677, 142107, 155750,
126816, 141688, 142116, 142116, 141688, 155751,
126832, 142127, 142128, 142128, 142127, 155773,
126848, 141998, 142138, 142138, 141998, 155767,
126864, 142149, 142150, 142150, 142149, 155774,
126880, 142161, 142107, 142107, 142161, 155750,
126896, 142096, 142170, 142170, 142096, 155772,
126912, 142181, 142182, 142182, 142181, 155775,
126928, 142182, 142192, 142192, 142182, 155775,
126944, 142203, 142204, 142204, 142203, 155776,
126960, 142215, 142216, 142216, 142215, 155777,
126976, 142227, 142215, 142215, 142227, 155777,
126992, 142237, 142238, 142238, 142237, 155778,
127008, 142249, 142237, 142237, 142249, 155778,
127024, 142259, 142260, 142260, 142259, 155772,
127040, 142170, 142259, 142259, 142170, 155772,
127056, 142279, 142181, 142181, 142279, 155775,
127072, 142289, 142279, 142279, 142289, 155775,
127088, 141722, 142298, 142298, 141722, 155753,
127104, 142309, 142310, 142310, 142309, 155779,
127120, 142321, 142322, 142322, 142321, 155780,
127136, 142333, 141721, 141721, 142333, 155753,
127152, 142084, 142342, 142342, 142084, 155771,
127168, 142353, 142354, 142354, 142353, 155759,
127184, 142365, 142366, 142366, 142365, 155781,
127200, 142377, 142378, 142378, 142377, 155779,
127216, 142389, 142390, 142390, 142389, 155782,
127232, 142401, 142402, 142402, 142401, 155783,
127248, 142413, 142414, 142414, 142413, 155784,
127264, 142425, 142309, 142309, 142425, 155779,
127280, 142322, 142434, 142434, 142322, 155780,
127296, 142445, 142425, 142425, 142445, 155779,
127312, 142414, 142454, 142454, 142414, 155784,
127328, 142465, 142466, 142466, 142465, 155785,
127344, 142477, 142478, 142478, 142477, 155762,
127360, 142489, 142477, 142477, 142489, 155762,
127376, 142466, 142498, 142498, 142466, 155785,
127392, 142509, 142510, 142510, 142509, 155786,
127408, 142510, 142520, 142520, 142510, 155786,
127424, 142531, 142401, 142401, 142531, 155783,
127440, 142434, 142540, 142540, 142434, 155780,
127456, 142498, 142465, 142465, 142498, 155785,
127472, 142454, 142413, 142413, 142454, 155784,
127488, 142402, 142531, 142531, 142402, 155783,
127504, 142520, 142509, 142509, 142520, 155786,
127520, 142540, 142582, 142582, 142540, 155780,
127536, 142310, 142377, 142377, 142310, 155779,
127552, 142366, 142600, 142600, 142366, 155781,
127568, 142582, 142321, 142321, 142582, 155780,
127584, 142619, 142620, 142620, 142619, 155752,
127600, 142620, 142630, 142630, 142620, 155752,
127616, 142641, 142642, 142642, 142641, 155787,
127632, 142653, 142654, 142654, 142653, 155788,
127648, 142665, 142641, 142641, 142665, 155787,
127664, 142378, 142445, 142445, 142378, 155779,
127680, 142478, 142682, 142682, 142478, 155762,
127696, 142682, 141917, 141917, 142682, 155762,
127712, 142701, 142702, 142702, 142701, 155789,
127728, 142713, 142389, 142389, 142713, 155782,
127744, 142654, 142722, 142722, 142654, 155788,
127760, 142733, 142701, 142701, 142733, 155789,
127776, 141906, 141929, 141929, 141906, 155761,
127792, 141938, 142489, 142489, 141938, 155762,
127808, 142759, 141709, 141709, 142759, 155752,
127824, 142630, 142759, 142759, 142630, 155752,
127840, 141710, 142619, 142619, 141710, 155752,
127856, 142785, 142786, 142786, 142785, 155756,
127872, 142797, 142798, 142798, 142797, 155790,
127888, 142298, 142808, 142808, 142298, 155753,
127904, 142786, 141797, 141797, 142786, 155756,
127920, 141786, 141767, 141767, 141786, 155755,
127936, 142835, 142797, 142797, 142835, 155790,
127952, 142808, 142333, 142333, 142808, 155753,
127968, 142853, 142854, 142854, 142853, 155791,
127984, 142865, 142866, 142866, 142865, 155792,
128000, 142877, 142878, 142878, 142877, 155793,
128016, 142889, 142890, 142890, 142889, 155794,
128032, 142901, 142877, 142877, 142901, 155793,
128048, 142866, 142910, 142910, 142866, 155792,
128064, 142921, 142889, 142889, 142921, 155794,
128080, 142878, 142901, 142901, 142878, 155793,
128096, 142939, 142853, 142853, 142939, 155791,
128112, 142890, 142921, 142921, 142890, 155794,
128128, 142910, 142865, 142865, 142910, 155792,
128144, 142854, 142939, 142939, 142854, 155791,
128160, 142973, 142974, 142974, 142973, 155795,
128176, 142985, 142986, 142986, 142985, 155796,
128192, 142986, 142996, 142996, 142986, 155796,
128208, 143007, 143008, 143008, 143007, 155797,
128224, 143008, 143018, 143018, 143008, 155797,
128240, 143029, 143030, 143030, 143029, 155798,
128256, 143030, 143040, 143040, 143030, 155798,
128272, 143051, 142973, 142973, 143051, 155795,
128288, 143061, 143062, 143062, 143061, 155799,
128304, 143073, 143074, 143074, 143073, 155800,
128320, 143085, 143086, 143086, 143085, 155801,
128336, 143097, 143098, 143098, 143097, 155802,
128352, 143109, 143085, 143085, 143109, 155801,
128368, 143074, 143118, 143118, 143074, 155800,
128384, 143129, 143097, 143097, 143129, 155802,
128400, 143086, 143109, 143109, 143086, 155801,
128416, 143147, 143061, 143061, 143147, 155799,
128432, 143098, 143129, 143129, 143098, 155802,
128448, 143118, 143073, 143073, 143118, 155800,
128464, 143062, 143147, 143147, 143062, 155799,
128480, 143181, 143029, 143029, 143181, 155798,
128496, 143018, 143190, 143190, 143018, 155797,
128512, 143190, 143200, 143200, 143190, 155797,
128528, 143211, 143212, 143212, 143211, 155803,
128544, 143212, 143222, 143222, 143212, 155803,
128560, 143233, 143234, 143234, 143233, 155804,
128576, 143234, 143244, 143244, 143234, 155804,
128592, 143255, 143181, 143181, 143255, 155798,
128608, 143265, 143266, 143266, 143265, 155805,
128624, 143277, 143278, 143278, 143277, 155806,
128640, 143289, 143290, 143290, 143289, 155807,
128656, 143301, 143302, 143302, 143301, 155808,
128672, 143313, 143289, 143289, 143313, 155807,
128688, 143278, 143322, 143322, 143278, 155806,
128704, 143333, 143301, 143301, 143333, 155808,
128720, 143290, 143313, 143313, 143290, 155807,
128736, 143351, 143265, 143265, 143351, 155805,
128752, 143302, 143333, 143333, 143302, 155808,
128768, 143322, 143277, 143277, 143322, 155806,
128784, 143266, 143351, 143351, 143266, 155805,
128800, 143385, 143233, 143233, 143385, 155804,
128816, 143222, 143394, 143394, 143222, 155803,
128832, 143394, 143404, 143404, 143394, 155803,
128848, 143415, 143416, 143416, 143415, 155809,
128864, 143416, 143426, 143426, 143416, 155809,
128880, 143437, 143438, 143438, 143437, 155810,
128896, 143438, 143448, 143448, 143438, 155810,
128912, 143459, 143385, 143385, 143459, 155804,
128928, 143200, 143007, 143007, 143200, 155797,
128944, 142996, 143476, 143476, 142996, 155796,
128960, 143487, 143415, 143415, 143487, 155809,
128976, 143404, 143211, 143211, 143404, 155803,
128992, 143505, 143051, 143051, 143505, 155795,
129008, 143040, 143255, 143255, 143040, 155798,
129024, 143244, 143459, 143459, 143244, 155804,
129040, 143448, 143530, 143530, 143448, 155810,
129056, 143541, 142985, 142985, 143541, 155796,
129072, 142974, 143550, 143550, 142974, 155795,
129088, 143561, 143487, 143487, 143561, 155809,
129104, 143476, 143541, 143541, 143476, 155796,
129120, 143579, 143437, 143437, 143579, 155810,
129136, 143426, 143561, 143561, 143426, 155809,
129152, 143550, 143505, 143505, 143550, 155795,
129168, 143530, 143579, 143579, 143530, 155810,
129184, 142056, 143612, 143612, 142056, 155770,
129200, 143623, 142055, 142055, 143623, 155770,
129216, 143633, 143623, 143623, 143633, 155770,
129232, 143612, 143633, 143633, 143612, 155770,
129248, 143651, 143652, 143652, 143651, 155768,
129264, 142010, 143651, 143651, 142010, 155768,
129280, 143671, 141821, 141821, 143671, 155758,
129296, 141844, 142353, 142353, 141844, 155759,
129312, 142342, 143688, 143688, 142342, 155771,
129328, 143699, 143671, 143671, 143699, 155758,
129344, 141862, 142785, 142785, 141862, 155756,
129360, 143717, 141873, 141873, 143717, 155760,
129376, 142798, 143726, 143726, 142798, 155790,
129392, 141874, 143717, 143717, 141874, 155760,
129408, 142354, 141885, 141885, 142354, 155759,
129424, 143726, 143752, 143752, 143726, 155790,
129440, 143763, 143764, 143764, 143763, 155774,
129456, 143764, 142149, 142149, 143764, 155774,
129472, 142138, 141997, 141997, 142138, 155767,
129488, 141746, 141785, 141785, 141746, 155755,
129504, 141894, 143699, 143699, 141894, 155758,
129520, 143688, 143806, 143806, 143688, 155771,
129536, 142150, 143816, 143816, 142150, 155774,
129552, 143816, 143763, 143763, 143816, 155774,
129568, 143752, 142835, 142835, 143752, 155790,
129584, 143843, 143844, 143844, 143843, 155811,
129600, 143855, 142021, 142021, 143855, 155769,
129616, 143652, 143864, 143864, 143652, 155768,
129632, 143864, 142009, 142009, 143864, 155768,
129648, 143806, 142083, 142083, 143806, 155771,
129664, 143891, 142203, 142203, 143891, 155776,
129680, 143901, 143902, 143902, 143901, 155812,
129696, 143913, 143914, 143914, 143913, 155813,
129712, 143902, 143924, 143924, 143902, 155812,
129728, 143935, 143913, 143913, 143935, 155813,
129744, 143945, 143935, 143935, 143945, 155813,
129760, 141950, 143954, 143954, 141950, 155763,
129776, 143965, 143966, 143966, 143965, 155811,
129792, 143977, 143978, 143978, 143977, 155814,
129808, 143989, 143977, 143977, 143989, 155814,
129824, 143999, 143989, 143989, 143999, 155814,
129840, 143924, 144008, 144008, 143924, 155812,
129856, 142192, 142289, 142289, 142192, 155775,
129872, 142216, 144026, 144026, 142216, 155777,
129888, 144037, 144038, 144038, 144037, 155764,
129904, 144049, 141973, 141973, 144049, 155765,
129920, 144026, 144058, 144058, 144026, 155777,
129936, 144069, 144037, 144037, 144069, 155764,
129952, 141962, 144069, 144069, 141962, 155764,
129968, 144087, 144088, 144088, 144087, 155815,
129984, 144099, 141699, 141699, 144099, 155751,
130000, 144109, 142249, 142249, 144109, 155778,
130016, 142260, 142095, 142095, 142260, 155772,
130032, 142128, 144126, 144126, 142128, 155773,
130048, 144126, 142127, 142127, 144126, 155773,
130064, 142116, 144099, 144099, 142116, 155751,
130080, 144088, 144152, 144152, 144088, 155815,
130096, 141632, 141621, 141621, 141632, 155748,
130112, 141654, 141643, 141643, 141654, 155749,
130128, 144179, 144109, 144109, 144179, 155778,
130144, 144152, 144087, 144087, 144152, 155815,
130160, 144197, 144198, 144198, 144197, 155816,
130176, 144209, 144210, 144210, 144209, 155817,
130192, 144221, 144222, 144222, 144221, 155818,
130208, 144233, 144234, 144234, 144233, 155819,
130224, 144245, 144221, 144221, 144245, 155818,
130240, 144210, 144254, 144254, 144210, 155817,
130256, 144265, 144233, 144233, 144265, 155819,
130272, 144222, 144245, 144245, 144222, 155818,
130288, 144283, 144197, 144197, 144283, 155816,
130304, 144234, 144265, 144265, 144234, 155819,
130320, 144254, 144209, 144209, 144254, 155817,
130336, 144198, 144283, 144283, 144198, 155816,
130352, 144317, 144318, 144318, 144317, 155820,
130368, 144329, 144330, 144330, 144329, 155821,
130384, 144330, 144340, 144340, 144330, 155821,
130400, 144351, 144352, 144352, 144351, 155822,
130416, 144352, 144362, 144362, 144352, 155822,
130432, 144373, 144374, 144374, 144373, 155823,
130448, 144374, 144384, 144384, 144374, 155823,
130464, 144395, 144317, 144317, 144395, 155820,
130480, 144405, 144406, 144406, 144405, 155824,
130496, 144417, 144418, 144418, 144417, 155825,
130512, 144429, 144430, 144430, 144429, 155826,
130528, 144441, 144442, 144442, 144441, 155827,
130544, 144453, 144429, 144429, 144453, 155826,
130560, 144418, 144462, 144462, 144418, 155825,
130576, 144430, 144453, 144453, 144430, 155826,
130592, 144481, 144441, 144441, 144481, 155827,
130608, 144491, 144405, 144405, 144491, 155824,
130624, 144442, 144481, 144481, 144442, 155827,
130640, 144406, 144491, 144491, 144406, 155824,
130656, 144462, 144417, 144417, 144462, 155825,
130672, 144525, 144526, 144526, 144525, 155828,
130688, 144537, 144538, 144538, 144537, 155829,
130704, 144538, 144548, 144548, 144538, 155829,
130720, 144559, 144560, 144560, 144559, 155830,
130736, 144560, 144570, 144570, 144560, 155830,
130752, 144581, 144582, 144582, 144581, 155831,
130768, 144582, 144592, 144592, 144582, 155831,
130784, 144603, 144525, 144525, 144603, 155828,
130800, 144613, 144614, 144614, 144613, 155832,
130816, 144625, 144626, 144626, 144625, 155833,
130832, 144637, 144638, 144638, 144637, 155834,
130848, 144649, 144650, 144650, 144649, 155835,
130864, 144661, 144637, 144637, 144661, 155834,
130880, 144626, 144670, 144670, 144626, 155833,
130896, 144681, 144649, 144649, 144681, 155835,
130912, 144638, 144661, 144661, 144638, 155834,
130928, 144699, 144613, 144613, 144699, 155832,
130944, 144650, 144681, 144681, 144650, 155835,
130960, 144670, 144625, 144625, 144670, 155833,
130976, 144614, 144699, 144699, 144614, 155832,
130992, 144733, 144581, 144581, 144733, 155831,
131008, 144570, 144742, 144742, 144570, 155830,
131024, 144742, 144752, 144752, 144742, 155830,
131040, 144763, 144764, 144764, 144763, 155836,
131056, 144764, 144774, 144774, 144764, 155836,
131072, 144785, 144786, 144786, 144785, 155837,
131088, 144786, 144796, 144796, 144786, 155837,
131104, 144807, 144733, 144733, 144807, 155831,
131120, 144817, 144818, 144818, 144817, 155838,
131136, 144829, 144830, 144830, 144829, 155839,
131152, 144841, 144842, 144842, 144841, 155840,
131168, 144853, 144854, 144854, 144853, 155841,
131184, 144865, 144841, 144841, 144865, 155840,
131200, 144830, 144874, 144874, 144830, 155839,
131216, 144885, 144853, 144853, 144885, 155841,
131232, 144842, 144865, 144865, 144842, 155840,
131248, 144903, 144817, 144817, 144903, 155838,
131264, 144854, 144885, 144885, 144854, 155841,
131280, 144874, 144829, 144829, 144874, 155839,
131296, 144818, 144903, 144903, 144818, 155838,
131312, 144937, 144785, 144785, 144937, 155837,
131328, 144774, 144946, 144946, 144774, 155836,
131344, 144946, 144956, 144956, 144946, 155836,
131360, 144967, 144968, 144968, 144967, 155821,
131376, 144968, 144329, 144329, 144968, 155821,
131392, 144318, 144986, 144986, 144318, 155820,
131408, 144986, 144996, 144996, 144986, 155820,
131424, 145007, 144937, 144937, 145007, 155837,
131440, 144752, 144559, 144559, 144752, 155830,
131456, 144548, 145024, 145024, 144548, 155829,
131472, 144956, 144763, 144763, 144956, 155836,
131488, 145043, 144967, 144967, 145043, 155821,
131504, 145053, 144603, 144603, 145053, 155828,
131520, 144592, 144807, 144807, 144592, 155831,
131536, 144996, 145070, 145070, 144996, 155820,
131552, 144796, 145007, 145007, 144796, 155837,
131568, 145024, 145088, 145088, 145024, 155829,
131584, 145099, 144351, 144351, 145099, 155822,
131600, 144340, 145043, 145043, 144340, 155821,
131616, 145117, 145053, 145053, 145117, 155828,
131632, 145070, 144395, 144395, 145070, 155820,
131648, 144384, 145134, 145134, 144384, 155823,
131664, 145088, 144537, 144537, 145088, 155829,
131680, 144526, 145117, 145117, 144526, 155828,
131696, 145161, 145099, 145099, 145161, 155822,
131712, 145171, 144373, 144373, 145171, 155823,
131728, 144362, 145161, 145161, 144362, 155822,
131744, 145134, 145171, 145171, 145134, 155823,
131760, 144058, 142227, 142227, 144058, 155777,
131776, 142238, 144179, 144179, 142238, 155778,
131792, 141666, 142161, 142161, 141666, 155750,
131808, 145221, 145222, 145222, 145221, 155842,
131824, 145233, 145234, 145234, 145233, 155843,
131840, 145234, 145244, 145244, 145234, 155843,
131856, 145255, 145256, 145256, 145255, 155844,
131872, 145267, 145268, 145268, 145267, 155845,
131888, 145279, 145221, 145221, 145279, 155842,
131904, 145256, 145288, 145288, 145256, 155844,
131920, 145299, 145300, 145300, 145299, 155846,
131936, 145300, 145310, 145310, 145300, 155846,
131952, 145321, 145322, 145322, 145321, 155847,
131968, 145333, 145334, 145334, 145333, 155848,
131984, 145322, 145344, 145344, 145322, 155847,
132000, 145355, 145356, 145356, 145355, 155849,
132016, 145367, 145368, 145368, 145367, 155850,
132032, 145356, 145378, 145378, 145356, 155849,
132048, 145389, 145390, 145390, 145389, 155851,
132064, 145390, 145400, 145400, 145390, 155851,
132080, 145411, 145412, 145412, 145411, 155852,
132096, 145423, 145333, 145333, 145423, 155848,
132112, 145412, 145432, 145432, 145412, 155852,
132128, 145443, 145367, 145367, 145443, 155850,
132144, 145453, 145454, 145454, 145453, 155853,
132160, 145454, 145464, 145464, 145454, 155853,
132176, 139360, 145474, 145474, 139360, 155697,
132192, 145334, 145423, 145423, 145334, 155848,
132208, 145432, 145411, 145411, 145432, 155852,
132224, 145501, 145299, 145299, 145501, 155846,
132240, 145400, 145389, 145389, 145400, 155851,
132256, 145378, 145518, 145518, 145378, 155849,
132272, 145222, 145528, 145528, 145222, 155842,
132288, 145518, 145538, 145538, 145518, 155849,
132304, 145549, 145233, 145233, 145549, 155843,
132320, 145559, 145501, 145501, 145559, 155846,
132336, 145528, 145568, 145568, 145528, 155842,
132352, 145579, 145549, 145549, 145579, 155843,
132368, 145538, 145355, 145355, 145538, 155849,
132384, 145597, 145321, 145321, 145597, 155847,
132400, 145310, 145559, 145559, 145310, 155846,
132416, 145568, 145279, 145279, 145568, 155842,
132432, 145268, 145622, 145622, 145268, 155845,
132448, 145633, 145255, 145255, 145633, 155844,
132464, 145244, 145579, 145579, 145244, 155843,
132480, 145651, 145652, 145652, 145651, 155854,
132496, 145464, 145453, 145453, 145464, 155853,
132512, 145368, 145443, 145443, 145368, 155850,
132528, 145679, 145651, 145651, 145679, 155854,
132544, 145689, 145679, 145679, 145689, 155854,
132560, 145474, 145698, 145698, 145474, 155697,
132576, 145709, 145689, 145689, 145709, 155854,
132592, 145698, 141129, 141129, 145698, 155697,
132608, 145652, 145709, 145709, 145652, 155854,
132624, 145735, 145633, 145633, 145735, 155844,
132640, 145622, 145744, 145744, 145622, 155845,
132656, 145755, 145597, 145597, 145755, 155847,
132672, 145344, 145755, 145755, 145344, 155847,
132688, 145773, 145267, 145267, 145773, 155845,
132704, 145744, 145773, 145773, 145744, 155845,
132720, 145288, 145735, 145735, 145288, 155844,
132736, 145799, 145800, 145800, 145799, 155855,
132752, 145811, 145812, 145812, 145811, 155856,
132768, 145812, 145822, 145822, 145812, 155856,
132784, 145833, 139339, 139339, 145833, 155696,
132800, 139446, 145842, 145842, 139446, 155694,
132816, 145853, 145799, 145799, 145853, 155855,
132832, 145800, 145853, 145853, 145800, 155855,
132848, 145842, 139283, 139283, 145842, 155694,
132864, 139308, 145833, 145833, 139308, 155696,
132880, 145822, 145811, 145811, 145822, 155856,
132896, 139348, 145894, 145894, 139348, 155692,
132912, 145905, 145906, 145906, 145905, 155857,
132928, 145906, 145916, 145916, 145906, 155857,
132944, 145927, 145928, 145928, 145927, 155858,
132960, 145928, 145938, 145938, 145928, 155858,
132976, 145949, 139273, 139273, 145949, 155693,
132992, 145916, 145905, 145905, 145916, 155857,
133008, 145894, 139239, 139239, 145894, 155692,
133024, 139252, 145949, 145949, 139252, 155693,
133040, 145938, 145927, 145927, 145938, 155858,
133056, 145991, 145992, 145992, 145991, 155859,
133072, 146003, 146004, 146004, 146003, 155860,
133088, 146015, 146016, 146016, 146015, 155861,
133104, 146027, 145991, 145991, 146027, 155859,
133120, 146004, 146036, 146036, 146004, 155860,
133136, 146047, 146048, 146048, 146047, 155862,
133152, 146059, 146015, 146015, 146059, 155861,
133168, 146069, 146070, 146070, 146069, 155863,
133184, 146081, 146082, 146082, 146081, 155864,
133200, 146093, 146069, 146069, 146093, 155863,
133216, 146103, 146104, 146104, 146103, 155865,
133232, 146115, 146081, 146081, 146115, 155864,
133248, 146125, 146126, 146126, 146125, 155866,
133264, 146137, 146138, 146138, 146137, 155867,
133280, 146149, 146150, 146150, 146149, 155868,
133296, 146161, 146125, 146125, 146161, 155866,
133312, 146171, 146149, 146149, 146171, 155868,
133328, 146181, 146182, 146182, 146181, 155869,
133344, 146104, 146192, 146192, 146104, 155865,
133360, 146203, 146181, 146181, 146203, 155869,
133376, 146138, 146212, 146212, 146138, 155867,
133392, 146223, 146224, 146224, 146223, 155870,
133408, 146235, 146223, 146223, 146235, 155870,
133424, 146245, 143891, 143891, 146245, 155776,
133440, 146192, 146103, 146103, 146192, 155865,
133456, 146182, 146203, 146203, 146182, 155869,
133472, 146070, 146270, 146270, 146070, 155863,
133488, 146281, 146161, 146161, 146281, 155866,
133504, 146150, 146171, 146171, 146150, 155868,
133520, 145992, 146298, 146298, 145992, 155859,
133536, 146309, 146281, 146281, 146309, 155866,
133552, 146319, 146003, 146003, 146319, 155860,
133568, 146329, 146319, 146319, 146329, 155860,
133584, 146270, 146338, 146338, 146270, 155863,
133600, 146126, 146309, 146309, 146126, 155866,
133616, 146298, 146356, 146356, 146298, 155859,
133632, 146367, 146047, 146047, 146367, 155862,
133648, 146036, 146329, 146329, 146036, 155860,
133664, 146338, 146093, 146093, 146338, 155863,
133680, 146082, 146392, 146392, 146082, 155864,
133696, 146403, 146404, 146404, 146403, 155871,
133712, 146356, 146027, 146027, 146356, 155859,
133728, 146016, 146422, 146422, 146016, 155861,
133744, 146224, 146235, 146235, 146224, 155870,
133760, 146212, 146137, 146137, 146212, 155867,
133776, 146404, 146448, 146448, 146404, 155871,
133792, 146459, 146245, 146245, 146459, 155776,
133808, 146448, 146468, 146468, 146448, 155871,
133824, 142204, 146459, 146459, 142204, 155776,
133840, 146468, 146486, 146486, 146468, 155871,
133856, 146422, 146496, 146496, 146422, 155861,
133872, 146486, 146403, 146403, 146486, 155871,
133888, 146392, 146514, 146514, 146392, 155864,
133904, 146525, 146367, 146367, 146525, 155862,
133920, 146514, 146115, 146115, 146514, 155864,
133936, 146048, 146542, 146542, 146048, 155862,
133952, 146542, 146525, 146525, 146542, 155862,
133968, 146496, 146059, 146059, 146496, 155861,
133984, 146569, 146570, 146570, 146569, 155872,
134000, 146581, 146582, 146582, 146581, 155873,
134016, 143914, 146592, 146592, 143914, 155813,
134032, 146603, 146569, 146569, 146603, 155872,
134048, 146582, 146612, 146612, 146582, 155873,
134064, 146623, 143843, 143843, 146623, 155811,
134080, 146570, 146603, 146603, 146570, 155872,
134096, 146592, 143945, 143945, 146592, 155813,
134112, 143966, 146623, 146623, 143966, 155811,
134128, 146612, 146581, 146581, 146612, 155873,
134144, 146665, 146666, 146666, 146665, 155874,
134160, 146677, 143901, 143901, 146677, 155812,
134176, 146687, 146688, 146688, 146687, 155875,
134192, 146699, 146665, 146665, 146699, 155874,
134208, 143978, 146708, 146708, 143978, 155814,
134224, 146719, 146687, 146687, 146719, 155875,
134240, 146688, 146719, 146719, 146688, 155875,
134256, 146708, 143999, 143999, 146708, 155814,
134272, 144008, 146677, 146677, 144008, 155812,
134288, 146666, 146699, 146699, 146666, 155874,
134304, 146761, 146762, 146762, 146761, 155876,
134320, 146773, 146774, 146774, 146773, 155877,
134336, 146785, 146786, 146786, 146785, 155878,
134352, 146797, 146761, 146761, 146797, 155876,
134368, 146807, 146808, 146808, 146807, 155879,
134384, 146819, 146785, 146785, 146819, 155878,
134400, 146774, 146828, 146828, 146774, 155877,
134416, 146839, 146807, 146807, 146839, 155879,
134432, 146849, 146850, 146850, 146849, 155880,
134448, 146861, 146862, 146862, 146861, 155881,
134464, 146873, 146874, 146874, 146873, 155882,
134480, 146885, 146886, 146886, 146885, 155883,
134496, 146808, 146839, 146839, 146808, 155879,
134512, 146828, 146773, 146773, 146828, 155877,
134528, 146762, 146797, 146797, 146762, 155876,
134544, 146786, 146819, 146819, 146786, 155878,
134560, 146850, 146928, 146928, 146850, 155880,
134576, 146939, 146885, 146885, 146939, 155883,
134592, 146874, 146948, 146948, 146874, 155882,
134608, 146959, 146861, 146861, 146959, 155881,
134624, 146862, 146959, 146959, 146862, 155881,
134640, 146948, 146873, 146873, 146948, 155882,
134656, 146886, 146939, 146939, 146886, 155883,
134672, 146928, 146849, 146849, 146928, 155880,
134688, 147001, 147002, 147002, 147001, 155884,
134704, 147013, 147014, 147014, 147013, 155885,
134720, 147025, 147026, 147026, 147025, 155886,
134736, 147037, 147001, 147001, 147037, 155884,
134752, 147047, 147048, 147048, 147047, 155887,
134768, 147059, 147025, 147025, 147059, 155886,
134784, 147014, 147068, 147068, 147014, 155885,
134800, 147079, 147047, 147047, 147079, 155887,
134816, 147089, 147090, 147090, 147089, 155888,
134832, 147101, 147102, 147102, 147101, 155889,
134848, 147113, 147114, 147114, 147113, 155890,
134864, 147125, 147126, 147126, 147125, 155891,
134880, 147048, 147079, 147079, 147048, 155887,
134896, 147068, 147013, 147013, 147068, 155885,
134912, 147002, 147037, 147037, 147002, 155884,
134928, 147026, 147059, 147059, 147026, 155886,
134944, 147090, 147168, 147168, 147090, 155888,
134960, 147179, 147125, 147125, 147179, 155891,
134976, 147114, 147188, 147188, 147114, 155890,
134992, 147199, 147101, 147101, 147199, 155889,
135008, 147102, 147199, 147199, 147102, 155889,
135024, 147188, 147113, 147113, 147188, 155890,
135040, 147126, 147179, 147179, 147126, 155891,
135056, 147168, 147089, 147089, 147168, 155888,
135072, 147241, 147242, 147242, 147241, 155892,
135088, 147253, 147254, 147254, 147253, 155893,
135104, 147265, 147266, 147266, 147265, 155894,
135120, 147277, 147241, 147241, 147277, 155892,
135136, 147287, 147288, 147288, 147287, 155895,
135152, 147299, 147265, 147265, 147299, 155894,
135168, 147254, 147308, 147308, 147254, 155893,
135184, 147319, 147287, 147287, 147319, 155895,
135200, 147329, 147330, 147330, 147329, 155896,
135216, 147341, 147342, 147342, 147341, 155897,
135232, 147353, 147354, 147354, 147353, 155898,
135248, 147365, 147366, 147366, 147365, 155899,
135264, 147288, 147319, 147319, 147288, 155895,
135280, 147308, 147253, 147253, 147308, 155893,
135296, 147242, 147277, 147277, 147242, 155892,
135312, 147266, 147299, 147299, 147266, 155894,
135328, 147330, 147408, 147408, 147330, 155896,
135344, 147419, 147365, 147365, 147419, 155899,
135360, 147354, 147428, 147428, 147354, 155898,
135376, 147439, 147341, 147341, 147439, 155897,
135392, 147342, 147439, 147439, 147342, 155897,
135408, 147428, 147353, 147353, 147428, 155898,
135424, 147366, 147419, 147419, 147366, 155899,
135440, 147408, 147329, 147329, 147408, 155896,
135456, 147481, 147482, 147482, 147481, 155900,
135472, 147493, 147494, 147494, 147493, 155901,
135488, 147505, 147506, 147506, 147505, 155902,
135504, 147517, 147481, 147481, 147517, 155900,
135520, 147527, 147528, 147528, 147527, 155903,
135536, 147539, 147505, 147505, 147539, 155902,
135552, 147494, 147548, 147548, 147494, 155901,
135568, 147559, 147527, 147527, 147559, 155903,
135584, 147569, 147570, 147570, 147569, 155904,
135600, 147581, 147582, 147582, 147581, 155905,
135616, 147593, 147594, 147594, 147593, 155906,
135632, 147605, 147606, 147606, 147605, 155907,
135648, 147528, 147559, 147559, 147528, 155903,
135664, 147548, 147493, 147493, 147548, 155901,
135680, 147482, 147517, 147517, 147482, 155900,
135696, 147506, 147539, 147539, 147506, 155902,
135712, 147570, 147648, 147648, 147570, 155904,
135728, 147659, 147605, 147605, 147659, 155907,
135744, 147594, 147668, 147668, 147594, 155906,
135760, 147679, 147581, 147581, 147679, 155905,
135776, 147582, 147679, 147679, 147582, 155905,
135792, 147668, 147593, 147593, 147668, 155906,
135808, 147606, 147659, 147659, 147606, 155907,
135824, 147648, 147569, 147569, 147648, 155904,
135840, 147721, 147722, 147722, 147721, 155908,
135856, 147733, 147734, 147734, 147733, 155909,
135872, 147734, 147744, 147744, 147734, 155909,
135888, 147755, 147756, 147756, 147755, 155910,
135904, 147756, 147766, 147766, 147756, 155910,
135920, 147777, 147778, 147778, 147777, 155911,
135936, 147778, 147788, 147788, 147778, 155911,
135952, 147799, 147721, 147721, 147799, 155908,
135968, 147809, 147810, 147810, 147809, 155912,
135984, 147821, 147822, 147822, 147821, 155913,
136000, 147833, 147834, 147834, 147833, 155914,
136016, 147845, 147846, 147846, 147845, 155915,
136032, 147766, 147755, 147755, 147766, 155910,
136048, 147744, 147733, 147733, 147744, 155909,
136064, 147722, 147799, 147799, 147722, 155908,
136080, 147788, 147777, 147777, 147788, 155911,
136096, 147810, 147888, 147888, 147810, 155912,
136112, 147899, 147845, 147845, 147899, 155915,
136128, 147834, 147908, 147908, 147834, 155914,
136144, 147919, 147821, 147821, 147919, 155913,
136160, 147846, 147899, 147899, 147846, 155915,
136176, 147888, 147809, 147809, 147888, 155912,
136192, 147822, 147919, 147919, 147822, 155913,
136208, 147908, 147833, 147833, 147908, 155914,
136224, 147961, 147962, 147962, 147961, 155916,
136240, 147973, 147974, 147974, 147973, 155917,
136256, 147974, 147984, 147984, 147974, 155917,
136272, 147995, 147996, 147996, 147995, 155918,
136288, 147996, 148006, 148006, 147996, 155918,
136304, 148017, 148018, 148018, 148017, 155919,
136320, 148018, 148028, 148028, 148018, 155919,
136336, 148039, 147961, 147961, 148039, 155916,
136352, 148049, 148050, 148050, 148049, 155920,
136368, 148061, 148062, 148062, 148061, 155921,
136384, 148073, 148074, 148074, 148073, 155922,
136400, 148085, 148086, 148086, 148085, 155923,
136416, 148006, 147995, 147995, 148006, 155918,
136432, 147984, 147973, 147973, 147984, 155917,
136448, 147962, 148039, 148039, 147962, 155916,
136464, 148028, 148017, 148017, 148028, 155919,
136480, 148050, 148128, 148128, 148050, 155920,
136496, 148139, 148085, 148085, 148139, 155923,
136512, 148074, 148148, 148148, 148074, 155922,
136528, 148159, 148061, 148061, 148159, 155921,
136544, 148086, 148139, 148139, 148086, 155923,
136560, 148128, 148049, 148049, 148128, 155920,
136576, 148062, 148159, 148159, 148062, 155921,
136592, 148148, 148073, 148073, 148148, 155922,
136608, 148201, 148202, 148202, 148201, 155924,
136624, 148213, 148214, 148214, 148213, 155925,
136640, 148214, 148224, 148224, 148214, 155925,
136656, 148235, 148236, 148236, 148235, 155926,
136672, 148236, 148246, 148246, 148236, 155926,
136688, 148257, 148258, 148258, 148257, 155927,
136704, 148258, 148268, 148268, 148258, 155927,
136720, 148279, 148201, 148201, 148279, 155924,
136736, 148289, 148290, 148290, 148289, 155928,
136752, 148301, 148302, 148302, 148301, 155929,
136768, 148313, 148314, 148314, 148313, 155930,
136784, 148325, 148326, 148326, 148325, 155931,
136800, 148246, 148235, 148235, 148246, 155926,
136816, 148224, 148213, 148213, 148224, 155925,
136832, 148202, 148279, 148279, 148202, 155924,
136848, 148268, 148257, 148257, 148268, 155927,
136864, 148290, 148368, 148368, 148290, 155928,
136880, 148379, 148325, 148325, 148379, 155931,
136896, 148314, 148388, 148388, 148314, 155930,
136912, 148399, 148301, 148301, 148399, 155929,
136928, 148326, 148379, 148379, 148326, 155931,
136944, 148368, 148289, 148289, 148368, 155928,
136960, 148302, 148399, 148399, 148302, 155929,
136976, 148388, 148313, 148313, 148388, 155930,
136992, 148441, 148442, 148442, 148441, 155932,
137008, 148453, 148454, 148454, 148453, 155933,
137024, 148454, 148464, 148464, 148454, 155933,
137040, 148475, 148476, 148476, 148475, 155934,
137056, 148476, 148486, 148486, 148476, 155934,
137072, 148497, 148498, 148498, 148497, 155935,
137088, 148498, 148508, 148508, 148498, 155935,
137104, 148519, 148441, 148441, 148519, 155932,
137120, 148529, 148530, 148530, 148529, 155936,
137136, 148541, 148542, 148542, 148541, 155937,
137152, 148553, 148554, 148554, 148553, 155938,
137168, 148565, 148566, 148566, 148565, 155939,
137184, 148486, 148475, 148475, 148486, 155934,
137200, 148464, 148453, 148453, 148464, 155933,
137216, 148442, 148519, 148519, 148442, 155932,
137232, 148508, 148497, 148497, 148508, 155935,
137248, 148530, 148608, 148608, 148530, 155936,
137264, 148619, 148565, 148565, 148619, 155939,
137280, 148554, 148628, 148628, 148554, 155938,
137296, 148639, 148541, 148541, 148639, 155937,
137312, 148566, 148619, 148619, 148566, 155939,
137328, 148608, 148529, 148529, 148608, 155936,
137344, 148542, 148639, 148639, 148542, 155937,
137360, 148628, 148553, 148553, 148628, 155938,
137376, 148681, 148682, 148682, 148681, 155940,
137392, 148693, 148694, 148694, 148693, 155941,
137408, 148705, 148706, 148706, 148705, 155942,
137424, 148717, 148718, 148718, 148717, 155943,
137440, 148694, 148728, 148728, 148694, 155941,
137456, 148739, 148740, 148740, 148739, 155944,
137472, 148751, 148752, 148752, 148751, 155945,
137488, 148763, 148681, 148681, 148763, 155940,
137504, 148773, 148751, 148751, 148773, 155945,
137520, 148740, 148782, 148782, 148740, 155944,
137536, 148793, 148763, 148763, 148793, 155940,
137552, 148752, 148773, 148773, 148752, 155945,
137568, 148782, 148739, 148739, 148782, 155944,
137584, 148728, 148818, 148818, 148728, 155941,
137600, 148829, 148693, 148693, 148829, 155941,
137616, 140988, 140759, 140759, 140988, 155740,
137632, 148818, 148829, 148829, 148818, 155941,
137648, 148682, 148854, 148854, 148682, 155940,
137664, 148854, 148793, 148793, 148854, 155940,
137680, 142600, 142365, 142365, 142600, 155781,
137696, 148718, 148880, 148880, 148718, 155943,
137712, 148891, 148705, 148705, 148891, 155942,
137728, 142722, 142653, 142653, 142722, 155788,
137744, 142642, 142665, 142665, 142642, 155787,
137760, 142390, 142713, 142713, 142390, 155782,
137776, 142702, 142733, 142733, 142702, 155789,
137792, 140642, 140971, 140971, 140642, 155736,
137808, 140618, 140653, 140653, 140618, 155734,
137824, 140698, 140719, 140719, 140698, 155738,
137840, 140708, 140629, 140629, 140708, 155735,
137856, 143844, 143965, 143965, 143844, 155811,
137872, 143954, 142033, 142033, 143954, 155763,
137888, 142022, 143855, 143855, 142022, 155769,
137904, 139196, 141331, 141331, 139196, 155690,
137920, 141320, 139207, 139207, 141320, 155689,
137936, 144038, 141961, 141961, 144038, 155764,
137952, 141974, 144049, 144049, 141974, 155765,
137968, 148706, 148891, 148891, 148706, 155942,
137984, 148880, 148717, 148717, 148880, 155943,
