6007, 10364, 10365, 10365, 10364, 19495,
6010, 10373, 10374, 10374, 10373, 19498,
6015, 10386, 10387, 10387, 10386, 19501,
6048, 10405, 10406, 10406, 10405, 19510,
6064, 10417, 10418, 10418, 10417, 19514,
6069, 10431, 10405, 10405, 10431, 19510,
6085, 10441, 10417, 10417, 10441, 19514,
6096, 10447, 10448, 10448, 10447, 19520,
6101, 10461, 10462, 10462, 10461, 19524,
6112, 10406, 10469, 10469, 10406, 19510,
6117, 10481, 10482, 10482, 10481, 19528,
6122, 10493, 10447, 10447, 10493, 19520,
6128, 10497, 10498, 10498, 10497, 19530,
6133, 10511, 10441, 10441, 10511, 19514,
6143, 10462, 10523, 10523, 10462, 19524,
6144, 10482, 10525, 10525, 10482, 19528,
6145, 10527, 10528, 10528, 10527, 19534,
6148, 10535, 10493, 10493, 10535, 19520,
6151, 10540, 10541, 10541, 10540, 19536,
6152, 10543, 10544, 10544, 10543, 19537,
6153, 10546, 10497, 10497, 10546, 19530,
6156, 10553, 10554, 10554, 10553, 19539,
6159, 10523, 10559, 10559, 10523, 19524,
6164, 10565, 10527, 10527, 10565, 19534,
6165, 10525, 10567, 10567, 10525, 19528,
6178, 10567, 10584, 10584, 10567, 19528,
6183, 10594, 10595, 10595, 10594, 19530,
6188, 10595, 10546, 10546, 10595, 19530,
6189, 10544, 10602, 10602, 10544, 19537,
6202, 10602, 10618, 10618, 10602, 19537,
6207, 10627, 10565, 10565, 10627, 19534,
6209, 10631, 10632, 10632, 10631, 19554,
6210, 10634, 10635, 10635, 10634, 19555,
6213, 10641, 10642, 10642, 10641, 19556,
6218, 10652, 10631, 10631, 10652, 19554,
6221, 10657, 10658, 10658, 10657, 19558,
6222, 10660, 10641, 10641, 10660, 19556,
6225, 10635, 10664, 10664, 10635, 19555,
6230, 10674, 10657, 10657, 10674, 19558,
6232, 10642, 10660, 10660, 10642, 19556,
6233, 10658, 10674, 10674, 10658, 19558,
6236, 10664, 10634, 10634, 10664, 19555,
6237, 10632, 10652, 10652, 10632, 19554,
6250, 10699, 10540, 10540, 10699, 19536,
6255, 10528, 10707, 10707, 10528, 19534,
6266, 10707, 10627, 10627, 10707, 19534,
6271, 10618, 10727, 10727, 10618, 19537,
6282, 10727, 10543, 10543, 10727, 19537,
6287, 10554, 10747, 10747, 10554, 19539,
6298, 10747, 10760, 10760, 10747, 19539,
6303, 10769, 10699, 10699, 10769, 19536,
6305, 10773, 10774, 10774, 10773, 19577,
6310, 10784, 10785, 10785, 10784, 19579,
6313, 10791, 10792, 10792, 10791, 19580,
6318, 10802, 10773, 10773, 10802, 19577,
6321, 10807, 10808, 10808, 10807, 19582,
6326, 10818, 10791, 10791, 10818, 19580,
6329, 10785, 10822, 10822, 10785, 19579,
6334, 10832, 10807, 10807, 10832, 19582,
6336, 10792, 10818, 10818, 10792, 19580,
6341, 10808, 10832, 10832, 10808, 19582,
6346, 10822, 10784, 10784, 10822, 19579,
6351, 10774, 10802, 10802, 10774, 19577,
6356, 10863, 10535, 10535, 10863, 19520,
6357, 10541, 10865, 10865, 10541, 19536,
6370, 10865, 10769, 10769, 10865, 19536,
6375, 10760, 10889, 10889, 10760, 19539,
6380, 10889, 10553, 10553, 10889, 19539,
6381, 10559, 10896, 10896, 10559, 19524,
6394, 10896, 10461, 10461, 10896, 19524,
6399, 10448, 10863, 10863, 10448, 19520,
6400, 10919, 10920, 10920, 10919, 19598,
6401, 10922, 10923, 10923, 10922, 19599,
6404, 10929, 10930, 10930, 10929, 19600,
6409, 10941, 10919, 10919, 10941, 19598,
6412, 10945, 10946, 10946, 10945, 19602,
6413, 10948, 10929, 10929, 10948, 19600,
6416, 10923, 10953, 10953, 10923, 19599,
6421, 10963, 10945, 10945, 10963, 19602,
6424, 10930, 10948, 10948, 10930, 19600,
6425, 10946, 10963, 10963, 10946, 19602,
6428, 10953, 10922, 10922, 10953, 19599,
6429, 10920, 10941, 10941, 10920, 19598,
6442, 10989, 10481, 10481, 10989, 19528,
6447, 10469, 10997, 10997, 10469, 19510,
6458, 10997, 10431, 10431, 10997, 19510,
6463, 10418, 11017, 11017, 10418, 19514,
6474, 11017, 10511, 10511, 11017, 19514,
6479, 10498, 11037, 11037, 10498, 19530,
6490, 11037, 10594, 10594, 11037, 19530,
6495, 10584, 10989, 10989, 10584, 19528,
6497, 11059, 11060, 11060, 11059, 19620,
6502, 11070, 11071, 11071, 11070, 19622,
6505, 11077, 11078, 11078, 11077, 19623,
6510, 11088, 11059, 11059, 11088, 19620,
6513, 11093, 11094, 11094, 11093, 19625,
6518, 11104, 11077, 11077, 11104, 19623,
6521, 11071, 11108, 11108, 11071, 19622,
6526, 11118, 11093, 11093, 11118, 19625,
6528, 11078, 11104, 11104, 11078, 19623,
6533, 11094, 11118, 11118, 11094, 19625,
6538, 11108, 11070, 11070, 11108, 19622,
6543, 11060, 11088, 11088, 11060, 19620,
6545, 11148, 11149, 11149, 11148, 19630,
6550, 11161, 10373, 10373, 11161, 19498,
6552, 11165, 11166, 11166, 11165, 19633,
6555, 11174, 11175, 11175, 11174, 19636,
6556, 11149, 11177, 11177, 11149, 19630,
6561, 11189, 11190, 11190, 11189, 19639,
6562, 11192, 11193, 11193, 11192, 19640,
6565, 11193, 11199, 11199, 11193, 19640,
6566, 11201, 11202, 11202, 11201, 19641,
6569, 11209, 11161, 11161, 11209, 19498,
6573, 11216, 11189, 11189, 11216, 19639,
6578, 11177, 11148, 11148, 11177, 19630,
6587, 11240, 11241, 11241, 11240, 19649,
6588, 11243, 11240, 11240, 11243, 19649,
6591, 10387, 11249, 11249, 10387, 19501,
6598, 11260, 11261, 11261, 11260, 19654,
6601, 11268, 11243, 11243, 11268, 19649,
6602, 11249, 11270, 11270, 11249, 19501,
6605, 11277, 11278, 11278, 11277, 19657,
6616, 11287, 11288, 11288, 11287, 19661,
6619, 11296, 11297, 11297, 11296, 19664,
6620, 11299, 11296, 11296, 11299, 19664,
6625, 11310, 11299, 11299, 11310, 19664,
6640, 11321, 11322, 11322, 11321, 19672,
6641, 11324, 11325, 11325, 11324, 19673,
6643, 11330, 11331, 11331, 11330, 19675,
6644, 11333, 11330, 11330, 11333, 19675,
6647, 11288, 11339, 11339, 11288, 19661,
6649, 11344, 11333, 11333, 11344, 19675,
6650, 11339, 11346, 11346, 11339, 19661,
6658, 11359, 11360, 11360, 11359, 19682,
6660, 11365, 11366, 11366, 11365, 19684,
6669, 11382, 11383, 11383, 11382, 19689,
6672, 11383, 11391, 11391, 11383, 19689,
6674, 11396, 11397, 11397, 11396, 19693,
6676, 11322, 11401, 11401, 11322, 19672,
6678, 11397, 11405, 11405, 11397, 19693,
6679, 11407, 11324, 11324, 11407, 19673,
6682, 11401, 11412, 11412, 11401, 19672,
6686, 11423, 11424, 11424, 11423, 19697,
6687, 11426, 11427, 11427, 11426, 19698,
6691, 11427, 11435, 11435, 11427, 19698,
6694, 11366, 11442, 11442, 11366, 19684,
6695, 11444, 11445, 11445, 11444, 19700,
6699, 11456, 11457, 11457, 11456, 19704,
6710, 11469, 11470, 11470, 11469, 19709,
6711, 11472, 11473, 11473, 11472, 19698,
6714, 11473, 11426, 11426, 11473, 19698,
6715, 11424, 11479, 11479, 11424, 19697,
6716, 11481, 11482, 11482, 11481, 19710,
6719, 11490, 11491, 11491, 11490, 19713,
6726, 11479, 11498, 11498, 11479, 19697,
6728, 11503, 11490, 11490, 11503, 19713,
6731, 11508, 11509, 11509, 11508, 19715,
6734, 11517, 11444, 11444, 11517, 19700,
6735, 11442, 11519, 11519, 11442, 19684,
6738, 11526, 11527, 11527, 11526, 19710,
6739, 11529, 11517, 11517, 11529, 19700,
6742, 11536, 11537, 11537, 11536, 19689,
6747, 11391, 11536, 11536, 11391, 19689,
6778, 11564, 11565, 11565, 11564, 19728,
6783, 11575, 11564, 11564, 11575, 19728,
6787, 11583, 11575, 11575, 11583, 19728,
6789, 11565, 11586, 11586, 11565, 19728,
6840, 11609, 11610, 11610, 11609, 19739,
6845, 11621, 11622, 11622, 11621, 19741,
6848, 11627, 11628, 11628, 11627, 19742,
6853, 11639, 11609, 11609, 11639, 19739,
6856, 11643, 11644, 11644, 11643, 19744,
6861, 11655, 11627, 11627, 11655, 19742,
6864, 11622, 11659, 11659, 11622, 19741,
6869, 11669, 11643, 11643, 11669, 19744,
6872, 11610, 11673, 11673, 11610, 19739,
6877, 11685, 11686, 11686, 11685, 19749,
6882, 11697, 11698, 11698, 11697, 19751,
6887, 11707, 11621, 11621, 11707, 19741,
6888, 11709, 11710, 11710, 11709, 19753,
6893, 11723, 11655, 11655, 11723, 19742,
6898, 11644, 11732, 11732, 11644, 19744,
6903, 11742, 11743, 11743, 11742, 19758,
6914, 11757, 11685, 11685, 11757, 19749,
6919, 11673, 11765, 11765, 11673, 19739,
6930, 11765, 11639, 11639, 11765, 19739,
6935, 11628, 11785, 11785, 11628, 19742,
6946, 11785, 11723, 11723, 11785, 19742,
6951, 11710, 11805, 11805, 11710, 19753,
6962, 11805, 11818, 11818, 11805, 19753,
6967, 11827, 11757, 11757, 11827, 19749,
6968, 11829, 11830, 11830, 11829, 19776,
6973, 11841, 11842, 11842, 11841, 19778,
6976, 11847, 11848, 11848, 11847, 19779,
6981, 11859, 11829, 11829, 11859, 19776,
6984, 11863, 11864, 11864, 11863, 19781,
6989, 11875, 11847, 11847, 11875, 19779,
6992, 11842, 11879, 11879, 11842, 19778,
6997, 11889, 11863, 11863, 11889, 19781,
7000, 11848, 11875, 11875, 11848, 19779,
7005, 11864, 11889, 11889, 11864, 19781,
7010, 11879, 11841, 11841, 11879, 19778,
7015, 11830, 11859, 11859, 11830, 19776,
7026, 11929, 11697, 11697, 11929, 19751,
7031, 11686, 11937, 11937, 11686, 19749,
7042, 11937, 11827, 11827, 11937, 19749,
7047, 11818, 11957, 11957, 11818, 19753,
7058, 11957, 11709, 11709, 11957, 19753,
7063, 11743, 11977, 11977, 11743, 19758,
7074, 11977, 11990, 11990, 11977, 19758,
7079, 11999, 11929, 11929, 11999, 19751,
7080, 12001, 12002, 12002, 12001, 19802,
7085, 12013, 12014, 12014, 12013, 19804,
7088, 12019, 12020, 12020, 12019, 19805,
7093, 12031, 12001, 12001, 12031, 19802,
7096, 12035, 12036, 12036, 12035, 19807,
7101, 12047, 12019, 12019, 12047, 19805,
7104, 12014, 12051, 12051, 12014, 19804,
7109, 12061, 12035, 12035, 12061, 19807,
7112, 12020, 12047, 12047, 12020, 19805,
7117, 12036, 12061, 12061, 12036, 19807,
7122, 12051, 12013, 12013, 12051, 19804,
7127, 12002, 12031, 12031, 12002, 19802,
7138, 12101, 11707, 11707, 12101, 19741,
7143, 11698, 12109, 12109, 11698, 19751,
7154, 12109, 11999, 11999, 12109, 19751,
7159, 11990, 12129, 12129, 11990, 19758,
7170, 12129, 11742, 11742, 12129, 19758,
7175, 11732, 12149, 12149, 11732, 19744,
7186, 12149, 11669, 11669, 12149, 19744,
7191, 11659, 12101, 12101, 11659, 19741,
7192, 12169, 12170, 12170, 12169, 19827,
7197, 12181, 12182, 12182, 12181, 19829,
7200, 12187, 12188, 12188, 12187, 19830,
7205, 12199, 12169, 12169, 12199, 19827,
7208, 12203, 12204, 12204, 12203, 19832,
7213, 12215, 12187, 12187, 12215, 19830,
7216, 12182, 12219, 12219, 12182, 19829,
7221, 12229, 12203, 12203, 12229, 19832,
7224, 12188, 12215, 12215, 12188, 19830,
7229, 12204, 12229, 12229, 12204, 19832,
7234, 12219, 12181, 12181, 12219, 19829,
7239, 12170, 12199, 12199, 12170, 19827,
7241, 12260, 12261, 12261, 12260, 19837,
7242, 12263, 11423, 11423, 12263, 19697,
7246, 12273, 12274, 12274, 12273, 19704,
7247, 12276, 12277, 12277, 12276, 19715,
7248, 12261, 12279, 12279, 12261, 19837,
7251, 11498, 12263, 12263, 11498, 19697,
7254, 12277, 11508, 11508, 12277, 19715,
7267, 12306, 12307, 12307, 12306, 19847,
7268, 12309, 12310, 12310, 12309, 19847,
7274, 12327, 12309, 12309, 12327, 19847,
7279, 12340, 12341, 12341, 12340, 19856,
7282, 12349, 12350, 12350, 12349, 19859,
7288, 12355, 12356, 12356, 12355, 19861,
7293, 12370, 12371, 12371, 12370, 19866,
7304, 12383, 12384, 12384, 12383, 19870,
7309, 12397, 12355, 12355, 12397, 19861,
7315, 12408, 12409, 12409, 12408, 19856,
7318, 12409, 12414, 12414, 12409, 19856,
7319, 12416, 12417, 12417, 12416, 19874,
7320, 12419, 12420, 12420, 12419, 19875,
7336, 12371, 12439, 12439, 12371, 19866,
7341, 12451, 12419, 12419, 12451, 19875,
7347, 12310, 12461, 12461, 12310, 19847,
7350, 12461, 12306, 12306, 12461, 19847,
7354, 12473, 12474, 12474, 12473, 19887,
7357, 12482, 12483, 12483, 12482, 19890,
7359, 12488, 12489, 12489, 12488, 19874,
7374, 12474, 12499, 12499, 12474, 19887,
7376, 12503, 12504, 12504, 12503, 19894,
7377, 12506, 12507, 12507, 12506, 19895,
7378, 12509, 12510, 12510, 12509, 19896,
7379, 12512, 12513, 12513, 12512, 19897,
7380, 12499, 12515, 12515, 12499, 19887,
7381, 12517, 12506, 12506, 12517, 19895,
7382, 12504, 12519, 12519, 12504, 19894,
7385, 12519, 12503, 12503, 12519, 19894,
7386, 12513, 12525, 12525, 12513, 19897,
7387, 12527, 12340, 12340, 12527, 19856,
7388, 12414, 12527, 12527, 12414, 19856,
7389, 12525, 12512, 12512, 12525, 19897,
7390, 12510, 12531, 12531, 12510, 19896,
7391, 12533, 12416, 12416, 12533, 19874,
7392, 12515, 12535, 12535, 12515, 19887,
7393, 12537, 12533, 12533, 12537, 19874,
7394, 12531, 12509, 12509, 12531, 19896,
7395, 12507, 12517, 12517, 12507, 19895,
7413, 12547, 12383, 12383, 12547, 19870,
7418, 12417, 12488, 12488, 12417, 19874,
7420, 12483, 12557, 12557, 12483, 19890,
7430, 11482, 11526, 11526, 11482, 19710,
7433, 11519, 12570, 12570, 11519, 19684,
7453, 12583, 12260, 12260, 12583, 19837,
7456, 12535, 12473, 12473, 12535, 19887,
7459, 12489, 12537, 12537, 12489, 19874,
7462, 12279, 12599, 12599, 12279, 19837,
7475, 12609, 11277, 11277, 12609, 19657,
7476, 12611, 12609, 12609, 12611, 19657,
7483, 12624, 12625, 12625, 12624, 19641,
7484, 11202, 12624, 12624, 11202, 19641,
7491, 12637, 11209, 11209, 12637, 19498,
7492, 10374, 12637, 12637, 10374, 19498,
7499, 12649, 10386, 10386, 12649, 19501,
7500, 11270, 12649, 12649, 11270, 19501,
7511, 12663, 11359, 11359, 12663, 19682,
7526, 11278, 12675, 12675, 11278, 19657,
7529, 12675, 12611, 12611, 12675, 19657,
7534, 12625, 12687, 12687, 12625, 19641,
7535, 12689, 10364, 10364, 12689, 19495,
7536, 11435, 11472, 11472, 11435, 19698,
7537, 11470, 12692, 12692, 11470, 19709,
7540, 11199, 11192, 11192, 11199, 19640,
7541, 11190, 12698, 12698, 11190, 19639,
7542, 12700, 12689, 12689, 12700, 19495,
7543, 12687, 11201, 11201, 12687, 19641,
7549, 12570, 11365, 11365, 12570, 19684,
7555, 12720, 12721, 12721, 12720, 19673,
7557, 12725, 12726, 12726, 12725, 19903,
7559, 11586, 11583, 11583, 11586, 19728,
7560, 11405, 11396, 11396, 11405, 19693,
7563, 12721, 11407, 11407, 12721, 19673,
7567, 12726, 12739, 12739, 12726, 19903,
7568, 11537, 11382, 11382, 11537, 19689,
7570, 12692, 11469, 11469, 12692, 19709,
7577, 12739, 12725, 12725, 12739, 19903,
7582, 11241, 12755, 12755, 11241, 19649,
7583, 12757, 11260, 11260, 12757, 19654,
7596, 11325, 12720, 12720, 11325, 19673,
7606, 12341, 12769, 12769, 12341, 19856,
7607, 12771, 12349, 12349, 12771, 19859,
7612, 12769, 12408, 12408, 12769, 19856,
7615, 12350, 12771, 12771, 12350, 19859,
7618, 11445, 12783, 12783, 11445, 19700,
7620, 12787, 11481, 11481, 12787, 19710,
7621, 11491, 11503, 11503, 11491, 19713,
7622, 11509, 12790, 12790, 11509, 19715,
7623, 12792, 12793, 12793, 12792, 19904,
7624, 11527, 12787, 12787, 11527, 19710,
7625, 12793, 12796, 12796, 12793, 19904,
7627, 12783, 11529, 11529, 12783, 19700,
7629, 12796, 12792, 12792, 12796, 19904,
7630, 12790, 12276, 12276, 12790, 19715,
7631, 12274, 11456, 11456, 12274, 19704,
7634, 12808, 12809, 12809, 12808, 19905,
7635, 12811, 12273, 12273, 12811, 19704,
7639, 12819, 12808, 12808, 12819, 19905,
7642, 11457, 12811, 12811, 11457, 19704,
7643, 12809, 12819, 12819, 12809, 19905,
7644, 12599, 12583, 12583, 12599, 19837,
7646, 12307, 12327, 12327, 12307, 19847,
7651, 12839, 11216, 11216, 12839, 19639,
7652, 12698, 12839, 12839, 12698, 19639,
7655, 12847, 12700, 12700, 12847, 19495,
7656, 10365, 12847, 12847, 10365, 19495,
7686, 11166, 12867, 12867, 11166, 19633,
7689, 12867, 11165, 11165, 12867, 19633,
7690, 11175, 12873, 12873, 11175, 19636,
7693, 12873, 11174, 11174, 12873, 19636,
7698, 12887, 12888, 12888, 12887, 19915,
7701, 12888, 12895, 12895, 12888, 19915,
7702, 12897, 12898, 12898, 12897, 19917,
7705, 12898, 12905, 12905, 12898, 19917,
7735, 12922, 12923, 12923, 12922, 19921,
7736, 12925, 12922, 12922, 12925, 19921,
7739, 12930, 12931, 12931, 12930, 19922,
7740, 12933, 12930, 12930, 12933, 19922,
7745, 12942, 12943, 12943, 12942, 19924,
7747, 12948, 12949, 12949, 12948, 19926,
7748, 12951, 12952, 12952, 12951, 19927,
7749, 12954, 12955, 12955, 12954, 19928,
7752, 12961, 12951, 12951, 12961, 19927,
7756, 12969, 12954, 12954, 12969, 19928,
7757, 12952, 12961, 12961, 12952, 19927,
7760, 12977, 12978, 12978, 12977, 19928,
7761, 12980, 12981, 12981, 12980, 19931,
7762, 12983, 12984, 12984, 12983, 19932,
7764, 12989, 12990, 12990, 12989, 19934,
7766, 12984, 12994, 12994, 12984, 19932,
7767, 12996, 12997, 12997, 12996, 19935,
7768, 12994, 12983, 12983, 12994, 19932,
7769, 12981, 13000, 13000, 12981, 19931,
7770, 13002, 13003, 13003, 13002, 19936,
7771, 13005, 12996, 12996, 13005, 19935,
7773, 12990, 13009, 13009, 12990, 19934,
7776, 13015, 13016, 13016, 13015, 19937,
7779, 13024, 13025, 13025, 13024, 19940,
7784, 13027, 13015, 13015, 13027, 19937,
7785, 13025, 13029, 13029, 13025, 19940,
7795, 13046, 13047, 13047, 13046, 19946,
7808, 13057, 13058, 13058, 13057, 19951,
7811, 13064, 13065, 13065, 13064, 19952,
7814, 13073, 13074, 13074, 13073, 19955,
7821, 13082, 13083, 13083, 13082, 19958,
7823, 13088, 13089, 13089, 13088, 19960,
7824, 13091, 13092, 13092, 13091, 19961,
7825, 13094, 13095, 13095, 13094, 19946,
7828, 13074, 13103, 13103, 13074, 19955,
7836, 13117, 13118, 13118, 13117, 19966,
7838, 13103, 13073, 13073, 13103, 19955,
7840, 13095, 13046, 13046, 13095, 19946,
7846, 13136, 13137, 13137, 13136, 19968,
7848, 13141, 13142, 13142, 13141, 19969,
7849, 13144, 12925, 12925, 13144, 19921,
7850, 12931, 13146, 13146, 12931, 19922,
7851, 13148, 13149, 13149, 13148, 19970,
7854, 13083, 13156, 13156, 13083, 19958,
7855, 13158, 13159, 13159, 13158, 19972,
7856, 13161, 13144, 13144, 13161, 19921,
7857, 13142, 13163, 13163, 13142, 19969,
7862, 13175, 13176, 13176, 13175, 19975,
7865, 13176, 13183, 13183, 13176, 19975,
7880, 13201, 13202, 13202, 13201, 19986,
7891, 13224, 13225, 13225, 13224, 19993,
7892, 13227, 13224, 13224, 13227, 19993,
7899, 13244, 13245, 13245, 13244, 19997,
7900, 13247, 13244, 13244, 13247, 19997,
7907, 13264, 13265, 13265, 13264, 19969,
7908, 13163, 13264, 13264, 13163, 19969,
7915, 13281, 13175, 13175, 13281, 19975,
7916, 13283, 13281, 13281, 13283, 19975,
7929, 12949, 13297, 13297, 12949, 19926,
7932, 13303, 13304, 13304, 13303, 20007,
7935, 13312, 13313, 13313, 13312, 20010,
7938, 13319, 12948, 12948, 13319, 19926,
7958, 13137, 13332, 13332, 13137, 19968,
7961, 13340, 13341, 13341, 13340, 19935,
7971, 13358, 13359, 13359, 13358, 20021,
7973, 13364, 13365, 13365, 13364, 20007,
7978, 13377, 13378, 13378, 13377, 20024,
7996, 13393, 13394, 13394, 13393, 20032,
7997, 13396, 13397, 13397, 13396, 20033,
7998, 13399, 13303, 13303, 13399, 20007,
7999, 13313, 13401, 13401, 13313, 20010,
8000, 13403, 13399, 13399, 13403, 20007,
8001, 13397, 13405, 13405, 13397, 20033,
8002, 13407, 13408, 13408, 13407, 20034,
8003, 13410, 13411, 13411, 13410, 19940,
8004, 13413, 13410, 13410, 13413, 19940,
8005, 13408, 13415, 13415, 13408, 20034,
8006, 13417, 13418, 13418, 13417, 20035,
8009, 13418, 13425, 13425, 13418, 20035,
8010, 13427, 13393, 13393, 13427, 20032,
8011, 13401, 13429, 13429, 13401, 20010,
8012, 13415, 13407, 13407, 13415, 20034,
8013, 13405, 13396, 13396, 13405, 20033,
8014, 13394, 13427, 13427, 13394, 20032,
8015, 13425, 13417, 13417, 13425, 20035,
8017, 13429, 13437, 13437, 13429, 20010,
8032, 13304, 13364, 13364, 13304, 20007,
8034, 13359, 13449, 13449, 13359, 20021,
8037, 13437, 13312, 13312, 13437, 20010,
8041, 13462, 13463, 13463, 13462, 19924,
8044, 13463, 13471, 13471, 13463, 19924,
8050, 13485, 13486, 13486, 13485, 20041,
8055, 13496, 13497, 13497, 13496, 20043,
8071, 13507, 13485, 13485, 13507, 20041,
8072, 13365, 13403, 13403, 13365, 20007,
8073, 13411, 13510, 13510, 13411, 19940,
8076, 13510, 13024, 13024, 13510, 19940,
8082, 13529, 13530, 13530, 13529, 20048,
8087, 13539, 13377, 13377, 13539, 20024,
8098, 13497, 13547, 13547, 13497, 20043,
8103, 13555, 13529, 13529, 13555, 20048,
8109, 13016, 13027, 13027, 13016, 19937,
8112, 13029, 13413, 13413, 13029, 19940,
8117, 13568, 12942, 12942, 13568, 19924,
8123, 13471, 13568, 13568, 13471, 19924,
8124, 12943, 13462, 13462, 12943, 19924,
8137, 13590, 13591, 13591, 13590, 19931,
8140, 13597, 13598, 13598, 13597, 20052,
8143, 13297, 13603, 13603, 13297, 19926,
8144, 13591, 12980, 12980, 13591, 19931,
8145, 12978, 12969, 12969, 12978, 19928,
8149, 13611, 13597, 13597, 13611, 20052,
8150, 13603, 13319, 13319, 13603, 19926,
8152, 13615, 13616, 13616, 13615, 20053,
8157, 13629, 13630, 13630, 13629, 20057,
8162, 13641, 13642, 13642, 13641, 20059,
8167, 13652, 13653, 13653, 13652, 20061,
8170, 13661, 13641, 13641, 13661, 20059,
8175, 13630, 13671, 13671, 13630, 20057,
8178, 13679, 13652, 13652, 13679, 20061,
8183, 13642, 13661, 13661, 13642, 20059,
8186, 13695, 13615, 13615, 13695, 20053,
8191, 13653, 13679, 13679, 13653, 20061,
8194, 13671, 13629, 13629, 13671, 20057,
8199, 13616, 13695, 13695, 13616, 20053,
8200, 13719, 13720, 13720, 13719, 20070,
8205, 13733, 13734, 13734, 13733, 20074,
8216, 13734, 13741, 13741, 13734, 20074,
8221, 13753, 13754, 13754, 13753, 20078,
8232, 13754, 13761, 13761, 13754, 20078,
8237, 13773, 13774, 13774, 13773, 20082,
8248, 13774, 13781, 13781, 13774, 20082,
8253, 13793, 13719, 13719, 13793, 20070,
8264, 13799, 13800, 13800, 13799, 20086,
8269, 13813, 13814, 13814, 13813, 20090,
8274, 13825, 13826, 13826, 13825, 20092,
8279, 13836, 13837, 13837, 13836, 20094,
8282, 13845, 13825, 13825, 13845, 20092,
8287, 13814, 13855, 13855, 13814, 20090,
8290, 13863, 13836, 13836, 13863, 20094,
8295, 13826, 13845, 13845, 13826, 20092,
8298, 13879, 13799, 13799, 13879, 20086,
8303, 13837, 13863, 13863, 13837, 20094,
8306, 13855, 13813, 13813, 13855, 20090,
8311, 13800, 13879, 13879, 13800, 20086,
8312, 13903, 13773, 13773, 13903, 20082,
8317, 13761, 13914, 13914, 13761, 20078,
8328, 13914, 13921, 13921, 13914, 20078,
8333, 13933, 13934, 13934, 13933, 20108,
8344, 13934, 13941, 13941, 13934, 20108,
8349, 13953, 13954, 13954, 13953, 20112,
8360, 13954, 13961, 13961, 13954, 20112,
8365, 13973, 13903, 13903, 13973, 20082,
8376, 13979, 13980, 13980, 13979, 20116,
8381, 13993, 13994, 13994, 13993, 20120,
8386, 14005, 14006, 14006, 14005, 20122,
8391, 14016, 14017, 14017, 14016, 20124,
8394, 14025, 14005, 14005, 14025, 20122,
8399, 13994, 14035, 14035, 13994, 20120,
8402, 14043, 14016, 14016, 14043, 20124,
8407, 14006, 14025, 14025, 14006, 20122,
8410, 14059, 13979, 13979, 14059, 20116,
8415, 14017, 14043, 14043, 14017, 20124,
8418, 14035, 13993, 13993, 14035, 20120,
8423, 13980, 14059, 14059, 13980, 20116,
8424, 14083, 13953, 13953, 14083, 20112,
8429, 13941, 14094, 14094, 13941, 20108,
8440, 14094, 14101, 14101, 14094, 20108,
8445, 14113, 14114, 14114, 14113, 20138,
8456, 14114, 14121, 14121, 14114, 20138,
8461, 14133, 14134, 14134, 14133, 20142,
8472, 14134, 14141, 14141, 14134, 20142,
8477, 14153, 14083, 14083, 14153, 20112,
8488, 13921, 13753, 13753, 13921, 20078,
8493, 13741, 14168, 14168, 13741, 20074,
8498, 14179, 14113, 14113, 14179, 20138,
8503, 14101, 13933, 13933, 14101, 20108,
8504, 14187, 13793, 13793, 14187, 20070,
8509, 13781, 13973, 13973, 13781, 20082,
8514, 13961, 14153, 14153, 13961, 20112,
8519, 14141, 14213, 14213, 14141, 20142,
8522, 14221, 13733, 13733, 14221, 20074,
8527, 13720, 14231, 14231, 13720, 20070,
8530, 14239, 14179, 14179, 14239, 20138,
8535, 14168, 14221, 14221, 14168, 20074,
8538, 14255, 14133, 14133, 14255, 20142,
8543, 14121, 14239, 14239, 14121, 20138,
8546, 14231, 14187, 14187, 14231, 20070,
8551, 14213, 14255, 14255, 14213, 20142,
8602, 13118, 14286, 14286, 13118, 19966,
8604, 14291, 13117, 13117, 14291, 19966,
8608, 14299, 14291, 14291, 14299, 19966,
8613, 14286, 14299, 14299, 14286, 19966,
8644, 14317, 14318, 14318, 14317, 19960,
8649, 13089, 14317, 14317, 13089, 19960,
8652, 14331, 12989, 12989, 14331, 19934,
8653, 12997, 13340, 13340, 12997, 19935,
8656, 13332, 14337, 14337, 13332, 19968,
8657, 14339, 14331, 14331, 14339, 19934,
8660, 13000, 13590, 13590, 13000, 19931,
8663, 14349, 13002, 13002, 14349, 19936,
8665, 13598, 14352, 14352, 13598, 20052,
8672, 13003, 14349, 14349, 13003, 19936,
8675, 13341, 13005, 13005, 13341, 19935,
8676, 14352, 14365, 14365, 14352, 20052,
8677, 14367, 14368, 14368, 14367, 19972,
8680, 14368, 13158, 13158, 14368, 19972,
8681, 13156, 13082, 13082, 13156, 19958,
8692, 12955, 12977, 12977, 12955, 19928,
8696, 13009, 14339, 14339, 13009, 19934,
8697, 14337, 14386, 14386, 14337, 19968,
8700, 13159, 14391, 14391, 13159, 19972,
8704, 14391, 14367, 14367, 14391, 19972,
8705, 14365, 13611, 13611, 14365, 20052,
8709, 14405, 14406, 14406, 14405, 20167,
8713, 14416, 13091, 13091, 14416, 19961,
8715, 14318, 14419, 14419, 14318, 19960,
8718, 14419, 13088, 13088, 14419, 19960,
8727, 14386, 13136, 13136, 14386, 19968,
8729, 14433, 13201, 13201, 14433, 19986,
8737, 14441, 14442, 14442, 14441, 20169,
8738, 14444, 14445, 14445, 14444, 20170,
8740, 14442, 14449, 14449, 14442, 20169,
8743, 14455, 14444, 14444, 14455, 20170,
8744, 14457, 14455, 14455, 14457, 20170,
8746, 13047, 14460, 14460, 13047, 19946,
8747, 14462, 14463, 14463, 14462, 20167,
8762, 14474, 14475, 14475, 14474, 20172,
8767, 14485, 14474, 14474, 14485, 20172,
8768, 14487, 14485, 14485, 14487, 20172,
8771, 14449, 14491, 14491, 14449, 20169,
8782, 13183, 13283, 13283, 13183, 19975,
8785, 13225, 14506, 14506, 13225, 19993,
8786, 14508, 14509, 14509, 14508, 19951,
8789, 14516, 13064, 13064, 14516, 19952,
8796, 14506, 14521, 14521, 14506, 19993,
8799, 14527, 14508, 14508, 14527, 19951,
8800, 13058, 14527, 14527, 13058, 19951,
8809, 14535, 14536, 14536, 14535, 20175,
8814, 14546, 12933, 12933, 14546, 19922,
8818, 14555, 13247, 13247, 14555, 19997,
8821, 13265, 13141, 13141, 13265, 19969,
8822, 13149, 14561, 14561, 13149, 19970,
8825, 14561, 13148, 13148, 14561, 19970,
8826, 13146, 14546, 14546, 13146, 19922,
8831, 14536, 14575, 14575, 14536, 20175,
8832, 12895, 12887, 12887, 12895, 19915,
8835, 12905, 12897, 12897, 12905, 19917,
8837, 14583, 14555, 14555, 14583, 19997,
8842, 14575, 14535, 14535, 14575, 20175,
8844, 14593, 14594, 14594, 14593, 20179,
8849, 14607, 14608, 14608, 14607, 20183,
8854, 14619, 14620, 14620, 14619, 20185,
8859, 14630, 14631, 14631, 14630, 20187,
8861, 14636, 14619, 14619, 14636, 20185,
8866, 14608, 14646, 14646, 14608, 20183,
8869, 14654, 14630, 14630, 14654, 20187,
8874, 14620, 14636, 14636, 14620, 20185,
8877, 14670, 14593, 14593, 14670, 20179,
8882, 14631, 14654, 14654, 14631, 20187,
8885, 14646, 14607, 14607, 14646, 20183,
8890, 14594, 14670, 14670, 14594, 20179,
8892, 14697, 14698, 14698, 14697, 20196,
8897, 14711, 14712, 14712, 14711, 20200,
8908, 14712, 14719, 14719, 14712, 20200,
8913, 14731, 14732, 14732, 14731, 20204,
8924, 14732, 14739, 14739, 14732, 20204,
8929, 14751, 14752, 14752, 14751, 20208,
8940, 14752, 14759, 14759, 14752, 20208,
8945, 14771, 14697, 14697, 14771, 20196,
8956, 14777, 14778, 14778, 14777, 20212,
8957, 14780, 14781, 14781, 14780, 20213,
8960, 14789, 14790, 14790, 14789, 20216,
8961, 14792, 14793, 14793, 14792, 20217,
8966, 14805, 14789, 14789, 14805, 20216,
8971, 14781, 14815, 14815, 14781, 20213,
8972, 14790, 14805, 14805, 14790, 20216,
8975, 14823, 14792, 14792, 14823, 20217,
8978, 14831, 14777, 14777, 14831, 20212,
8983, 14793, 14823, 14823, 14793, 20217,
8984, 14778, 14831, 14831, 14778, 20212,
8987, 14815, 14780, 14780, 14815, 20213,
8988, 14847, 14848, 14848, 14847, 20224,
8993, 14861, 14862, 14862, 14861, 20228,
9004, 14862, 14869, 14869, 14862, 20228,
9005, 14871, 14872, 14872, 14871, 20230,
9012, 14872, 14879, 14879, 14872, 20230,
9017, 14891, 14892, 14892, 14891, 20234,
9028, 14892, 14899, 14899, 14892, 20234,
9029, 14901, 14847, 14847, 14901, 20224,
9036, 14907, 14908, 14908, 14907, 20236,
9041, 14921, 14922, 14922, 14921, 20240,
9046, 14933, 14934, 14934, 14933, 20242,
9051, 14944, 14945, 14945, 14944, 20244,
9053, 14950, 14933, 14933, 14950, 20242,
9058, 14922, 14960, 14960, 14922, 20240,
9061, 14968, 14944, 14944, 14968, 20244,
9066, 14934, 14950, 14950, 14934, 20242,
9069, 14984, 14907, 14907, 14984, 20236,
9074, 14945, 14968, 14968, 14945, 20244,
9077, 14960, 14921, 14921, 14960, 20240,
9082, 14908, 14984, 14984, 14908, 20236,
9084, 15011, 14891, 14891, 15011, 20234,
9089, 14879, 15022, 15022, 14879, 20230,
9100, 15022, 15029, 15029, 15022, 20230,
9105, 15041, 15042, 15042, 15041, 20258,
9116, 15042, 15049, 15049, 15042, 20258,
9121, 15061, 15062, 15062, 15061, 20262,
9132, 15062, 15069, 15069, 15062, 20262,
9137, 15081, 15011, 15011, 15081, 20234,
9148, 15087, 15088, 15088, 15087, 20266,
9149, 15090, 15091, 15091, 15090, 20267,
9152, 15099, 15100, 15100, 15099, 20270,
9153, 15102, 15103, 15103, 15102, 20271,
9157, 15112, 15099, 15099, 15112, 20270,
9162, 15091, 15122, 15122, 15091, 20267,
9165, 15130, 15102, 15102, 15130, 20271,
9166, 15100, 15112, 15112, 15100, 20270,
9169, 15138, 15087, 15087, 15138, 20266,
9174, 15103, 15130, 15130, 15103, 20271,
9177, 15122, 15090, 15090, 15122, 20267,
9178, 15088, 15138, 15138, 15088, 20266,
9180, 15157, 15061, 15061, 15157, 20262,
9185, 15049, 15168, 15168, 15049, 20258,
9196, 15168, 15175, 15175, 15168, 20258,
9197, 15177, 15178, 15178, 15177, 20200,
9204, 15178, 14711, 14711, 15178, 20200,
9209, 14698, 15194, 15194, 14698, 20196,
9220, 15194, 15201, 15201, 15194, 20196,
9221, 15203, 15157, 15157, 15203, 20262,
9228, 15029, 14871, 14871, 15029, 20230,
9229, 14869, 15210, 15210, 14869, 20228,
9232, 15175, 15041, 15041, 15175, 20258,
9235, 15221, 15177, 15177, 15221, 20200,
9236, 15223, 14901, 14901, 15223, 20224,
9237, 14899, 15081, 15081, 14899, 20234,
9240, 15201, 15231, 15231, 15201, 20196,
9243, 15069, 15203, 15203, 15069, 20262,
9244, 15210, 15237, 15237, 15210, 20228,
9254, 15253, 14731, 14731, 15253, 20204,
9259, 14719, 15221, 15221, 14719, 20200,
9265, 15267, 15223, 15223, 15267, 20224,
9270, 15231, 14771, 14771, 15231, 20196,
9275, 14759, 15283, 15283, 14759, 20208,
9286, 15237, 14861, 14861, 15237, 20228,
9291, 14848, 15267, 15267, 14848, 20224,
9302, 15305, 15253, 15253, 15305, 20204,
9318, 15317, 14751, 14751, 15317, 20208,
9323, 14739, 15305, 15305, 14739, 20204,
9339, 15283, 15317, 15317, 15283, 20208,
9372, 14521, 13227, 13227, 14521, 19993,
9377, 13245, 14583, 14583, 13245, 19997,
9380, 12923, 13161, 13161, 12923, 19921,
9389, 15352, 15353, 15353, 15352, 20299,
9390, 15355, 15356, 15356, 15355, 20300,
9394, 15356, 15366, 15366, 15356, 20300,
9395, 15368, 15369, 15369, 15368, 20303,
9396, 15371, 15372, 15372, 15371, 20304,
9397, 15374, 15352, 15352, 15374, 20299,
9402, 15369, 15385, 15385, 15369, 20303,
9407, 15398, 15399, 15399, 15398, 20309,
9410, 15399, 15406, 15406, 15399, 20309,
9411, 15408, 15409, 15409, 15408, 20311,
9414, 15416, 15417, 15417, 15416, 20313,
9418, 15409, 15425, 15425, 15409, 20311,
9422, 15435, 15436, 15436, 15435, 20316,
9430, 15448, 15449, 15449, 15448, 20321,
9434, 15436, 15458, 15458, 15436, 20316,
9435, 15460, 15461, 15461, 15460, 20323,
9436, 15461, 15463, 15463, 15461, 20323,
9451, 15482, 15483, 15483, 15482, 20329,
9455, 15493, 15416, 15416, 15493, 20313,
9458, 15483, 15499, 15499, 15483, 20329,
9461, 15506, 15448, 15448, 15506, 20321,
9465, 15516, 15517, 15517, 15516, 20335,
9468, 15517, 15525, 15525, 15517, 20335,
9476, 11360, 15535, 15535, 11360, 19682,
9480, 15417, 15493, 15493, 15417, 20313,
9487, 15499, 15482, 15482, 15499, 20329,
9489, 15560, 15398, 15398, 15560, 20309,
9498, 15463, 15460, 15460, 15463, 20323,
9499, 15458, 15571, 15571, 15458, 20316,
9500, 15353, 15573, 15573, 15353, 20299,
9502, 15571, 15577, 15577, 15571, 20316,
9503, 15579, 15355, 15355, 15579, 20300,
9504, 15581, 15560, 15560, 15581, 20309,
9507, 15573, 15587, 15587, 15573, 20299,
9512, 15589, 15579, 15579, 15589, 20300,
9513, 15577, 15435, 15435, 15577, 20316,
9516, 15597, 15408, 15408, 15597, 20311,
9517, 15406, 15581, 15581, 15406, 20309,
9518, 15587, 15374, 15374, 15587, 20299,
9519, 15372, 15601, 15601, 15372, 20304,
9520, 15603, 15368, 15368, 15603, 20303,
9521, 15366, 15589, 15589, 15366, 20300,
9523, 15608, 15609, 15609, 15608, 20344,
9526, 15525, 15516, 15516, 15525, 20335,
9533, 15449, 15506, 15506, 15449, 20321,
9543, 15635, 15608, 15608, 15635, 20344,
9544, 15637, 15635, 15635, 15637, 20344,
9547, 15535, 15641, 15641, 15535, 19682,
9550, 15648, 15637, 15637, 15648, 20344,
9551, 15641, 12663, 12663, 15641, 19682,
9552, 15609, 15648, 15648, 15609, 20344,
9555, 15657, 15603, 15603, 15657, 20303,
9556, 15601, 15659, 15659, 15601, 20304,
9559, 15667, 15597, 15597, 15667, 20311,
9561, 15425, 15667, 15667, 15425, 20311,
9565, 15677, 15371, 15371, 15677, 20304,
9570, 15659, 15677, 15677, 15659, 20304,
9573, 15385, 15657, 15657, 15385, 20303,
9577, 15697, 15698, 15698, 15697, 20351,
9578, 15700, 15701, 15701, 15700, 20352,
9582, 15701, 15707, 15707, 15701, 20352,
9583, 15709, 11344, 11344, 15709, 19675,
9584, 11412, 15711, 15711, 11412, 19672,
9585, 15713, 15697, 15697, 15713, 20351,
9588, 15698, 15713, 15713, 15698, 20351,
9589, 15711, 11321, 11321, 15711, 19672,
9590, 11331, 15709, 15709, 11331, 19675,
9591, 15707, 15700, 15700, 15707, 20352,
9592, 11346, 15721, 15721, 11346, 19661,
9593, 15723, 15724, 15724, 15723, 20353,
9597, 15724, 15730, 15730, 15724, 20353,
9598, 15732, 15733, 15733, 15732, 20354,
9602, 15733, 15739, 15739, 15733, 20354,
9603, 15741, 11310, 11310, 15741, 19664,
9604, 15730, 15723, 15723, 15730, 20353,
9605, 15721, 11287, 11287, 15721, 19661,
9606, 11297, 15741, 15741, 11297, 19664,
9607, 15739, 15732, 15732, 15739, 20354,
9609, 15749, 15750, 15750, 15749, 20355,
9610, 15752, 15753, 15753, 15752, 20356,
9612, 15757, 15758, 15758, 15757, 20357,
9613, 15760, 15749, 15749, 15760, 20355,
9618, 15753, 15768, 15768, 15753, 20356,
9619, 15770, 15771, 15771, 15770, 20358,
9621, 15775, 15757, 15757, 15775, 20357,
9624, 15779, 15780, 15780, 15779, 20359,
9628, 15789, 15790, 15790, 15789, 20361,
9629, 15792, 15779, 15779, 15792, 20359,
9633, 15799, 15800, 15800, 15799, 20362,
9637, 15807, 15789, 15789, 15807, 20361,
9641, 15813, 15814, 15814, 15813, 20363,
9649, 15825, 15826, 15826, 15825, 20366,
9652, 15831, 15832, 15832, 15831, 20367,
9653, 15834, 15813, 15813, 15834, 20363,
9659, 15845, 15831, 15831, 15845, 20367,
9668, 15849, 15850, 15850, 15849, 20370,
9672, 15800, 15857, 15857, 15800, 20362,
9677, 15867, 15849, 15849, 15867, 20370,
9682, 15826, 15874, 15874, 15826, 20366,
9686, 15883, 15884, 15884, 15883, 20373,
9691, 15895, 15883, 15883, 15895, 20373,
9699, 15901, 14433, 14433, 15901, 19986,
9703, 15857, 15799, 15799, 15857, 20362,
9704, 15850, 15867, 15867, 15850, 20370,
9710, 15780, 15920, 15920, 15780, 20359,
9716, 15925, 15834, 15834, 15925, 20363,
9717, 15832, 15845, 15845, 15832, 20367,
9720, 15750, 15933, 15933, 15750, 20355,
9721, 15935, 15925, 15925, 15935, 20363,
9723, 15939, 15752, 15752, 15939, 20356,
9724, 15941, 15939, 15939, 15941, 20356,
9727, 15920, 15947, 15947, 15920, 20359,
9734, 15814, 15935, 15935, 15814, 20363,
9735, 15933, 15955, 15955, 15933, 20355,
9736, 15957, 15770, 15770, 15957, 20358,
9737, 15768, 15941, 15941, 15768, 20356,
9738, 15947, 15792, 15792, 15947, 20359,
9739, 15790, 15961, 15961, 15790, 20361,
9740, 15963, 15964, 15964, 15963, 20380,
9742, 15955, 15760, 15760, 15955, 20355,
9743, 15758, 15969, 15969, 15758, 20357,
9745, 15884, 15895, 15895, 15884, 20373,
9754, 15874, 15825, 15825, 15874, 20366,
9760, 15964, 15991, 15991, 15964, 20380,
9764, 15997, 15901, 15901, 15997, 19986,
9767, 15991, 16001, 16001, 15991, 20380,
9768, 13202, 15997, 15997, 13202, 19986,
9769, 16001, 16004, 16004, 16001, 20380,
9772, 15969, 16011, 16011, 15969, 20357,
9775, 16004, 15963, 15963, 16004, 20380,
9776, 15961, 16019, 16019, 15961, 20361,
9779, 16027, 15957, 15957, 16027, 20358,
9782, 16019, 15807, 15807, 16019, 20361,
9786, 15771, 16037, 16037, 15771, 20358,
9789, 16037, 16027, 16027, 16037, 20358,
9794, 16011, 15775, 15775, 16011, 20357,
9797, 16055, 16056, 16056, 16055, 20387,
9798, 16058, 16059, 16059, 16058, 20388,
9800, 14445, 16063, 16063, 14445, 20170,
9801, 16065, 16055, 16055, 16065, 20387,
9806, 16059, 16071, 16071, 16059, 20388,
9807, 16073, 14405, 14405, 16073, 20167,
9808, 16056, 16065, 16065, 16056, 20387,
9809, 16063, 14457, 14457, 16063, 20170,
9810, 14463, 16073, 16073, 14463, 20167,
9811, 16071, 16058, 16058, 16071, 20388,
9814, 16082, 16083, 16083, 16082, 20389,
9815, 16085, 14441, 14441, 16085, 20169,
9817, 16089, 16090, 16090, 16089, 20390,
9818, 16092, 16082, 16082, 16092, 20389,
9820, 14475, 16095, 16095, 14475, 20172,
9821, 16097, 16089, 16089, 16097, 20390,
9824, 16090, 16097, 16097, 16090, 20390,
9825, 16095, 14487, 14487, 16095, 20172,
9826, 14491, 16085, 16085, 14491, 20169,
9827, 16083, 16092, 16092, 16083, 20389,
9829, 16108, 16109, 16109, 16108, 20392,
9830, 16111, 16112, 16112, 16111, 20393,
9833, 16120, 16121, 16121, 16120, 20396,
9834, 16123, 16108, 16108, 16123, 20392,
9837, 16130, 16131, 16131, 16130, 20398,
9838, 16133, 16120, 16120, 16133, 20396,
9841, 16112, 16139, 16139, 16112, 20393,
9842, 16141, 16130, 16130, 16141, 20398,
9846, 16149, 16150, 16150, 16149, 20399,
9847, 16152, 16153, 16153, 16152, 20400,
9850, 16159, 16160, 16160, 16159, 20401,
9851, 16162, 16163, 16163, 16162, 20402,
9852, 16131, 16141, 16141, 16131, 20398,
9853, 16139, 16111, 16111, 16139, 20393,
9854, 16109, 16123, 16123, 16109, 20392,
9855, 16121, 16133, 16133, 16121, 20396,
9856, 16150, 16169, 16169, 16150, 20399,
9857, 16171, 16162, 16162, 16171, 20402,
9858, 16160, 16173, 16173, 16160, 20401,
9859, 16175, 16152, 16152, 16175, 20400,
9862, 16153, 16175, 16175, 16153, 20400,
9863, 16173, 16159, 16159, 16173, 20401,
9866, 16163, 16171, 16171, 16163, 20402,
9867, 16169, 16149, 16149, 16169, 20399,
9869, 16188, 16189, 16189, 16188, 20404,
9870, 16191, 16192, 16192, 16191, 20405,
9873, 16200, 16201, 16201, 16200, 20408,
9874, 16203, 16188, 16188, 16203, 20404,
9877, 16210, 16211, 16211, 16210, 20410,
9878, 16213, 16200, 16200, 16213, 20408,
9881, 16192, 16219, 16219, 16192, 20405,
9882, 16221, 16210, 16210, 16221, 20410,
9886, 16229, 16230, 16230, 16229, 20411,
9887, 16232, 16233, 16233, 16232, 20412,
9890, 16239, 16240, 16240, 16239, 20413,
9891, 16242, 16243, 16243, 16242, 20414,
9892, 16211, 16221, 16221, 16211, 20410,
9893, 16219, 16191, 16191, 16219, 20405,
9894, 16189, 16203, 16203, 16189, 20404,
9895, 16201, 16213, 16213, 16201, 20408,
9896, 16230, 16249, 16249, 16230, 20411,
9897, 16251, 16242, 16242, 16251, 20414,
9898, 16240, 16253, 16253, 16240, 20413,
9899, 16255, 16232, 16232, 16255, 20412,
9902, 16233, 16255, 16255, 16233, 20412,
9903, 16253, 16239, 16239, 16253, 20413,
9906, 16243, 16251, 16251, 16243, 20414,
9907, 16249, 16229, 16229, 16249, 20411,
9909, 16268, 16269, 16269, 16268, 20416,
9910, 16271, 16272, 16272, 16271, 20417,
9913, 16280, 16281, 16281, 16280, 20420,
9914, 16283, 16268, 16268, 16283, 20416,
9917, 16290, 16291, 16291, 16290, 20422,
9918, 16293, 16280, 16280, 16293, 20420,
9921, 16272, 16299, 16299, 16272, 20417,
9922, 16301, 16290, 16290, 16301, 20422,
9926, 16309, 16310, 16310, 16309, 20423,
9927, 16312, 16313, 16313, 16312, 20424,
9930, 16319, 16320, 16320, 16319, 20425,
9931, 16322, 16323, 16323, 16322, 20426,
9932, 16291, 16301, 16301, 16291, 20422,
9933, 16299, 16271, 16271, 16299, 20417,
9934, 16269, 16283, 16283, 16269, 20416,
9935, 16281, 16293, 16293, 16281, 20420,
9936, 16310, 16329, 16329, 16310, 20423,
9937, 16331, 16322, 16322, 16331, 20426,
9938, 16320, 16333, 16333, 16320, 20425,
9939, 16335, 16312, 16312, 16335, 20424,
9942, 16313, 16335, 16335, 16313, 20424,
9943, 16333, 16319, 16319, 16333, 20425,
9946, 16323, 16331, 16331, 16323, 20426,
9947, 16329, 16309, 16309, 16329, 20423,
9949, 16348, 16349, 16349, 16348, 20428,
9950, 16351, 16352, 16352, 16351, 20429,
9953, 16360, 16361, 16361, 16360, 20432,
9954, 16363, 16348, 16348, 16363, 20428,
9957, 16370, 16371, 16371, 16370, 20434,
9958, 16373, 16360, 16360, 16373, 20432,
9961, 16352, 16379, 16379, 16352, 20429,
9962, 16381, 16370, 16370, 16381, 20434,
9966, 16389, 16390, 16390, 16389, 20435,
9967, 16392, 16393, 16393, 16392, 20436,
9970, 16399, 16400, 16400, 16399, 20437,
9971, 16402, 16403, 16403, 16402, 20438,
9972, 16371, 16381, 16381, 16371, 20434,
9973, 16379, 16351, 16351, 16379, 20429,
9974, 16349, 16363, 16363, 16349, 20428,
9975, 16361, 16373, 16373, 16361, 20432,
9976, 16390, 16409, 16409, 16390, 20435,
9977, 16411, 16402, 16402, 16411, 20438,
9978, 16400, 16413, 16413, 16400, 20437,
9979, 16415, 16392, 16392, 16415, 20436,
9982, 16393, 16415, 16415, 16393, 20436,
9983, 16413, 16399, 16399, 16413, 20437,
9986, 16403, 16411, 16411, 16403, 20438,
9987, 16409, 16389, 16389, 16409, 20435,
9989, 16428, 16429, 16429, 16428, 20440,
9990, 16431, 16432, 16432, 16431, 20441,
9993, 16432, 16439, 16439, 16432, 20441,
9994, 16441, 16442, 16442, 16441, 20443,
9997, 16442, 16449, 16449, 16442, 20443,
9998, 16451, 16452, 16452, 16451, 20445,
10001, 16452, 16459, 16459, 16452, 20445,
10002, 16461, 16428, 16428, 16461, 20440,
10004, 16465, 16466, 16466, 16465, 20447,
10005, 16468, 16469, 16469, 16468, 20448,
10008, 16475, 16476, 16476, 16475, 20449,
10009, 16478, 16479, 16479, 16478, 20450,
10012, 16449, 16441, 16441, 16449, 20443,
10013, 16439, 16431, 16431, 16439, 20441,
10014, 16429, 16461, 16461, 16429, 20440,
10015, 16459, 16451, 16451, 16459, 20445,
10016, 16466, 16489, 16489, 16466, 20447,
10017, 16491, 16478, 16478, 16491, 20450,
10018, 16476, 16493, 16493, 16476, 20449,
10019, 16495, 16468, 16468, 16495, 20448,
10020, 16479, 16491, 16491, 16479, 20450,
10021, 16489, 16465, 16465, 16489, 20447,
10024, 16469, 16495, 16495, 16469, 20448,
10025, 16493, 16475, 16475, 16493, 20449,
10029, 16508, 16509, 16509, 16508, 20452,
10030, 16511, 16512, 16512, 16511, 20453,
10033, 16512, 16519, 16519, 16512, 20453,
10034, 16521, 16522, 16522, 16521, 20455,
10037, 16522, 16529, 16529, 16522, 20455,
10038, 16531, 16532, 16532, 16531, 20457,
10041, 16532, 16539, 16539, 16532, 20457,
10042, 16541, 16508, 16508, 16541, 20452,
10044, 16545, 16546, 16546, 16545, 20459,
10045, 16548, 16549, 16549, 16548, 20460,
10048, 16555, 16556, 16556, 16555, 20461,
10049, 16558, 16559, 16559, 16558, 20462,
10052, 16529, 16521, 16521, 16529, 20455,
10053, 16519, 16511, 16511, 16519, 20453,
10054, 16509, 16541, 16541, 16509, 20452,
10055, 16539, 16531, 16531, 16539, 20457,
10056, 16546, 16569, 16569, 16546, 20459,
10057, 16571, 16558, 16558, 16571, 20462,
10058, 16556, 16573, 16573, 16556, 20461,
10059, 16575, 16548, 16548, 16575, 20460,
10060, 16559, 16571, 16571, 16559, 20462,
10061, 16569, 16545, 16545, 16569, 20459,
10064, 16549, 16575, 16575, 16549, 20460,
10065, 16573, 16555, 16555, 16573, 20461,
10069, 16588, 16589, 16589, 16588, 20464,
10070, 16591, 16592, 16592, 16591, 20465,
10073, 16592, 16599, 16599, 16592, 20465,
10074, 16601, 16602, 16602, 16601, 20467,
10077, 16602, 16609, 16609, 16602, 20467,
10078, 16611, 16612, 16612, 16611, 20469,
10081, 16612, 16619, 16619, 16612, 20469,
10082, 16621, 16588, 16588, 16621, 20464,
10084, 16625, 16626, 16626, 16625, 20471,
10085, 16628, 16629, 16629, 16628, 20472,
10088, 16635, 16636, 16636, 16635, 20473,
10089, 16638, 16639, 16639, 16638, 20474,
10092, 16609, 16601, 16601, 16609, 20467,
10093, 16599, 16591, 16591, 16599, 20465,
10094, 16589, 16621, 16621, 16589, 20464,
10095, 16619, 16611, 16611, 16619, 20469,
10096, 16626, 16649, 16649, 16626, 20471,
10097, 16651, 16638, 16638, 16651, 20474,
10098, 16636, 16653, 16653, 16636, 20473,
10099, 16655, 16628, 16628, 16655, 20472,
10100, 16639, 16651, 16651, 16639, 20474,
10101, 16649, 16625, 16625, 16649, 20471,
10104, 16629, 16655, 16655, 16629, 20472,
10105, 16653, 16635, 16635, 16653, 20473,
10109, 16668, 16669, 16669, 16668, 20476,
10110, 16671, 16672, 16672, 16671, 20477,
10113, 16672, 16679, 16679, 16672, 20477,
10114, 16681, 16682, 16682, 16681, 20479,
10117, 16682, 16689, 16689, 16682, 20479,
10118, 16691, 16692, 16692, 16691, 20481,
10121, 16692, 16699, 16699, 16692, 20481,
10122, 16701, 16668, 16668, 16701, 20476,
10124, 16705, 16706, 16706, 16705, 20483,
10125, 16708, 16709, 16709, 16708, 20484,
10128, 16715, 16716, 16716, 16715, 20485,
10129, 16718, 16719, 16719, 16718, 20486,
10132, 16689, 16681, 16681, 16689, 20479,
10133, 16679, 16671, 16671, 16679, 20477,
10134, 16669, 16701, 16701, 16669, 20476,
10135, 16699, 16691, 16691, 16699, 20481,
10136, 16706, 16729, 16729, 16706, 20483,
10137, 16731, 16718, 16718, 16731, 20486,
10138, 16716, 16733, 16733, 16716, 20485,
10139, 16735, 16708, 16708, 16735, 20484,
10140, 16719, 16731, 16731, 16719, 20486,
10141, 16729, 16705, 16705, 16729, 20483,
10144, 16709, 16735, 16735, 16709, 20484,
10145, 16733, 16715, 16715, 16733, 20485,
10156, 16749, 16750, 16750, 16749, 20490,
10163, 16764, 16765, 16765, 16764, 20492,
10175, 16778, 16779, 16779, 16778, 20497,
10176, 16781, 16782, 16782, 16781, 20498,
10182, 16765, 16794, 16794, 16765, 20492,
10183, 16796, 16797, 16797, 16796, 20500,
10184, 16799, 16800, 16800, 16799, 20501,
10185, 16802, 16749, 16749, 16802, 20490,
10188, 16807, 16799, 16799, 16807, 20501,
10195, 16797, 16819, 16819, 16797, 20500,
10196, 16821, 16802, 16802, 16821, 20490,
10197, 16800, 16807, 16807, 16800, 20501,
10202, 16819, 16796, 16796, 16819, 20500,
10203, 16794, 16831, 16831, 16794, 20492,
10204, 16833, 16764, 16764, 16833, 20492,
10209, 12557, 12482, 12482, 12557, 19890,
10211, 16831, 16833, 16833, 16831, 20492,
10231, 16750, 16851, 16851, 16750, 20490,
10232, 16851, 16821, 16821, 16851, 20490,
10234, 13449, 13358, 13358, 13449, 20021,
10243, 16782, 16863, 16863, 16782, 20498,
10251, 16871, 16778, 16778, 16871, 20497,
10265, 13547, 13496, 13496, 13547, 20043,
10270, 13486, 13507, 13507, 13486, 20041,
10279, 13378, 13539, 13539, 13378, 20024,
10280, 13530, 13555, 13555, 13530, 20048,
10284, 12384, 12547, 12547, 12384, 19870,
10299, 12356, 12397, 12397, 12356, 19861,
10301, 12420, 12451, 12451, 12420, 19875,
10306, 12439, 12370, 12370, 12439, 19866,
10308, 14406, 14462, 14462, 14406, 20167,
10309, 14460, 13094, 13094, 14460, 19946,
10310, 13092, 14416, 14416, 13092, 19961,
10313, 11261, 12757, 12757, 11261, 19654,
10314, 12755, 11268, 11268, 12755, 19649,
10341, 14509, 13057, 13057, 14509, 19951,
10342, 13065, 14516, 14516, 13065, 19952,
10346, 16779, 16871, 16871, 16779, 20497,
10349, 16863, 16781, 16781, 16863, 20498,
