84716, 102377, 102378, 102378, 102377, 120034,
84732, 102389, 102390, 102390, 102389, 120035,
84748, 102401, 102402, 102402, 102401, 120036,
84764, 102413, 102414, 102414, 102413, 120037,
84780, 102425, 102426, 102426, 102425, 120038,
84796, 102437, 102413, 102413, 102437, 120037,
84812, 102447, 102425, 102425, 102447, 120038,
84828, 102457, 102458, 102458, 102457, 120039,
84844, 102469, 102470, 102470, 102469, 120040,
84860, 102414, 102480, 102480, 102414, 120037,
84876, 102491, 102492, 102492, 102491, 120041,
84892, 102503, 102457, 102457, 102503, 120039,
84908, 102513, 102514, 102514, 102513, 120042,
84924, 102525, 102447, 102447, 102525, 120038,
84940, 102470, 102534, 102534, 102470, 120040,
84956, 102492, 102544, 102544, 102492, 120041,
84972, 102555, 102556, 102556, 102555, 120043,
84988, 102567, 102503, 102503, 102567, 120039,
85004, 102577, 102578, 102578, 102577, 120044,
85020, 102589, 102590, 102590, 102589, 120045,
85036, 102601, 102513, 102513, 102601, 120042,
85052, 102611, 102612, 102612, 102611, 120046,
85068, 102534, 102622, 102622, 102534, 120040,
85084, 102633, 102555, 102555, 102633, 120043,
85100, 102544, 102642, 102642, 102544, 120041,
85116, 102642, 102652, 102652, 102642, 120041,
85132, 102663, 102664, 102664, 102663, 120042,
85148, 102664, 102601, 102601, 102664, 120042,
85164, 102590, 102682, 102682, 102590, 120045,
85180, 102682, 102692, 102692, 102682, 120045,
85196, 102703, 102633, 102633, 102703, 120043,
85212, 102713, 102714, 102714, 102713, 120047,
85228, 102725, 102726, 102726, 102725, 120048,
85244, 102737, 102738, 102738, 102737, 120049,
85260, 102749, 102713, 102713, 102749, 120047,
85276, 102759, 102760, 102760, 102759, 120050,
85292, 102771, 102737, 102737, 102771, 120049,
85308, 102726, 102780, 102780, 102726, 120048,
85324, 102791, 102759, 102759, 102791, 120050,
85340, 102738, 102771, 102771, 102738, 120049,
85356, 102760, 102791, 102791, 102760, 120050,
85372, 102780, 102725, 102725, 102780, 120048,
85388, 102714, 102749, 102749, 102714, 120047,
85404, 102833, 102577, 102577, 102833, 120044,
85420, 102556, 102842, 102842, 102556, 120043,
85436, 102842, 102703, 102703, 102842, 120043,
85452, 102692, 102860, 102860, 102692, 120045,
85468, 102860, 102589, 102589, 102860, 120045,
85484, 102612, 102878, 102878, 102612, 120046,
85500, 102878, 102888, 102888, 102878, 120046,
85516, 102899, 102833, 102833, 102899, 120044,
85532, 102909, 102910, 102910, 102909, 120051,
85548, 102921, 102922, 102922, 102921, 120052,
85564, 102933, 102934, 102934, 102933, 120053,
85580, 102945, 102909, 102909, 102945, 120051,
85596, 102955, 102956, 102956, 102955, 120054,
85612, 102967, 102933, 102933, 102967, 120053,
85628, 102922, 102976, 102976, 102922, 120052,
85644, 102987, 102955, 102955, 102987, 120054,
85660, 102934, 102967, 102967, 102934, 120053,
85676, 102956, 102987, 102987, 102956, 120054,
85692, 102976, 102921, 102921, 102976, 120052,
85708, 102910, 102945, 102945, 102910, 120051,
85724, 103029, 102567, 102567, 103029, 120039,
85740, 102578, 103038, 103038, 102578, 120044,
85756, 103038, 102899, 102899, 103038, 120044,
85772, 102888, 103056, 103056, 102888, 120046,
85788, 103056, 102611, 102611, 103056, 120046,
85804, 102622, 103074, 103074, 102622, 120040,
85820, 103074, 102469, 102469, 103074, 120040,
85836, 102458, 103029, 103029, 102458, 120039,
85852, 103101, 103102, 103102, 103101, 120055,
85868, 103113, 103114, 103114, 103113, 120056,
85884, 103125, 103126, 103126, 103125, 120057,
85900, 103137, 103101, 103101, 103137, 120055,
85916, 103147, 103148, 103148, 103147, 120058,
85932, 103159, 103125, 103125, 103159, 120057,
85948, 103114, 103168, 103168, 103114, 120056,
85964, 103179, 103147, 103147, 103179, 120058,
85980, 103126, 103159, 103159, 103126, 120057,
85996, 103148, 103179, 103179, 103148, 120058,
86012, 103168, 103113, 103113, 103168, 120056,
86028, 103102, 103137, 103137, 103102, 120055,
86044, 103221, 102491, 102491, 103221, 120041,
86060, 102480, 103230, 103230, 102480, 120037,
86076, 103230, 102437, 102437, 103230, 120037,
86092, 102426, 103248, 103248, 102426, 120038,
86108, 103248, 102525, 102525, 103248, 120038,
86124, 102514, 103266, 103266, 102514, 120042,
86140, 103266, 102663, 102663, 103266, 120042,
86156, 102652, 103221, 103221, 102652, 120041,
86172, 103293, 103294, 103294, 103293, 120059,
86188, 103305, 103306, 103306, 103305, 120060,
86204, 103317, 103318, 103318, 103317, 120061,
86220, 103329, 103293, 103293, 103329, 120059,
86236, 103339, 103340, 103340, 103339, 120062,
86252, 103351, 103317, 103317, 103351, 120061,
86268, 103306, 103360, 103360, 103306, 120060,
86284, 103371, 103339, 103339, 103371, 120062,
86300, 103318, 103351, 103351, 103318, 120061,
86316, 103340, 103371, 103371, 103340, 120062,
86332, 103360, 103305, 103305, 103360, 120060,
86348, 103294, 103329, 103329, 103294, 120059,
86364, 103413, 103414, 103414, 103413, 120063,
86380, 103425, 102389, 102389, 103425, 120035,
86396, 103435, 103436, 103436, 103435, 120064,
86412, 103447, 103448, 103448, 103447, 120065,
86428, 103414, 103458, 103458, 103414, 120063,
86444, 103469, 103470, 103470, 103469, 120066,
86460, 103481, 103482, 103482, 103481, 120067,
86476, 103482, 103492, 103492, 103482, 120067,
86492, 103503, 103504, 103504, 103503, 120068,
86508, 103515, 103425, 103425, 103515, 120035,
86524, 103525, 103469, 103469, 103525, 120066,
86540, 103458, 103413, 103413, 103458, 120063,
86556, 103543, 103544, 103544, 103543, 120069,
86572, 103555, 103543, 103543, 103555, 120069,
86588, 102402, 103564, 103564, 102402, 120036,
86604, 103575, 103576, 103576, 103575, 120070,
86620, 103587, 103555, 103555, 103587, 120069,
86636, 103564, 103596, 103596, 103564, 120036,
86652, 103607, 103608, 103608, 103607, 120071,
86668, 103619, 103620, 103620, 103619, 120072,
86684, 103631, 103632, 103632, 103631, 120073,
86700, 103643, 103631, 103631, 103643, 120073,
86716, 103653, 103643, 103643, 103653, 120073,
86732, 103663, 103664, 103664, 103663, 120074,
86748, 103675, 103676, 103676, 103675, 120075,
86764, 103687, 103688, 103688, 103687, 120076,
86780, 103699, 103687, 103687, 103699, 120076,
86796, 103620, 103708, 103708, 103620, 120072,
86812, 103719, 103699, 103699, 103719, 120076,
86828, 103708, 103728, 103728, 103708, 120072,
86844, 103739, 103740, 103740, 103739, 120077,
86860, 103751, 103752, 103752, 103751, 120078,
86876, 103763, 103764, 103764, 103763, 120079,
86892, 103764, 103774, 103774, 103764, 120079,
86908, 103785, 103786, 103786, 103785, 120080,
86924, 103664, 103796, 103796, 103664, 120074,
86940, 103786, 103806, 103806, 103786, 120080,
86956, 103817, 103675, 103675, 103817, 120075,
86972, 103796, 103826, 103826, 103796, 120074,
86988, 103837, 103838, 103838, 103837, 120081,
87004, 103849, 103850, 103850, 103849, 120082,
87020, 103850, 103860, 103860, 103850, 120082,
87036, 103752, 103870, 103870, 103752, 120078,
87052, 103881, 103882, 103882, 103881, 120083,
87068, 103893, 103894, 103894, 103893, 120084,
87084, 103905, 103906, 103906, 103905, 120085,
87100, 103917, 103918, 103918, 103917, 120082,
87116, 103918, 103849, 103849, 103918, 120082,
87132, 103838, 103936, 103936, 103838, 120081,
87148, 103947, 103948, 103948, 103947, 120086,
87164, 103959, 103960, 103960, 103959, 120087,
87180, 103936, 103970, 103970, 103936, 120081,
87196, 103981, 103959, 103959, 103981, 120087,
87212, 103991, 103992, 103992, 103991, 120088,
87228, 104003, 103881, 103881, 104003, 120083,
87244, 103870, 104012, 104012, 103870, 120078,
87260, 104023, 104024, 104024, 104023, 120086,
87276, 104035, 104003, 104003, 104035, 120083,
87292, 104045, 104046, 104046, 104045, 120079,
87308, 103774, 104045, 104045, 103774, 120079,
87324, 104065, 104066, 104066, 104065, 120089,
87340, 104077, 104065, 104065, 104077, 120089,
87356, 104087, 104077, 104077, 104087, 120089,
87372, 104066, 104096, 104096, 104066, 120089,
87388, 104107, 104108, 104108, 104107, 120090,
87404, 104119, 104120, 104120, 104119, 120091,
87420, 104131, 104132, 104132, 104131, 120092,
87436, 104143, 104107, 104107, 104143, 120090,
87452, 104153, 104154, 104154, 104153, 120093,
87468, 104165, 104131, 104131, 104165, 120092,
87484, 104120, 104174, 104174, 104120, 120091,
87500, 104185, 104153, 104153, 104185, 120093,
87516, 104108, 104194, 104194, 104108, 120090,
87532, 104205, 104206, 104206, 104205, 120094,
87548, 104217, 104218, 104218, 104217, 120095,
87564, 104229, 104119, 104119, 104229, 120091,
87580, 104239, 104240, 104240, 104239, 120096,
87596, 104251, 104165, 104165, 104251, 120092,
87612, 104154, 104260, 104260, 104154, 120093,
87628, 104271, 104272, 104272, 104271, 120097,
87644, 104283, 104205, 104205, 104283, 120094,
87660, 104194, 104292, 104292, 104194, 120090,
87676, 104292, 104143, 104143, 104292, 120090,
87692, 104132, 104310, 104310, 104132, 120092,
87708, 104310, 104251, 104251, 104310, 120092,
87724, 104240, 104328, 104328, 104240, 120096,
87740, 104328, 104338, 104338, 104328, 120096,
87756, 104349, 104283, 104283, 104349, 120094,
87772, 104359, 104360, 104360, 104359, 120098,
87788, 104371, 104372, 104372, 104371, 120099,
87804, 104383, 104384, 104384, 104383, 120100,
87820, 104395, 104359, 104359, 104395, 120098,
87836, 104405, 104406, 104406, 104405, 120101,
87852, 104417, 104383, 104383, 104417, 120100,
87868, 104372, 104426, 104426, 104372, 120099,
87884, 104437, 104405, 104405, 104437, 120101,
87900, 104384, 104417, 104417, 104384, 120100,
87916, 104406, 104437, 104437, 104406, 120101,
87932, 104426, 104371, 104371, 104426, 120099,
87948, 104360, 104395, 104395, 104360, 120098,
87964, 104479, 104217, 104217, 104479, 120095,
87980, 104206, 104488, 104488, 104206, 120094,
87996, 104488, 104349, 104349, 104488, 120094,
88012, 104338, 104506, 104506, 104338, 120096,
88028, 104506, 104239, 104239, 104506, 120096,
88044, 104272, 104524, 104524, 104272, 120097,
88060, 104524, 104534, 104534, 104524, 120097,
88076, 104545, 104479, 104479, 104545, 120095,
88092, 104555, 104556, 104556, 104555, 120102,
88108, 104567, 104568, 104568, 104567, 120103,
88124, 104579, 104580, 104580, 104579, 120104,
88140, 104591, 104555, 104555, 104591, 120102,
88156, 104601, 104602, 104602, 104601, 120105,
88172, 104613, 104579, 104579, 104613, 120104,
88188, 104568, 104622, 104622, 104568, 120103,
88204, 104633, 104601, 104601, 104633, 120105,
88220, 104580, 104613, 104613, 104580, 120104,
88236, 104602, 104633, 104633, 104602, 120105,
88252, 104622, 104567, 104567, 104622, 120103,
88268, 104556, 104591, 104591, 104556, 120102,
88284, 104675, 104229, 104229, 104675, 120091,
88300, 104218, 104684, 104684, 104218, 120095,
88316, 104684, 104545, 104545, 104684, 120095,
88332, 104534, 104702, 104702, 104534, 120097,
88348, 104702, 104271, 104271, 104702, 120097,
88364, 104260, 104720, 104720, 104260, 120093,
88380, 104720, 104185, 104185, 104720, 120093,
88396, 104174, 104675, 104675, 104174, 120091,
88412, 104747, 104748, 104748, 104747, 120106,
88428, 104759, 104760, 104760, 104759, 120107,
88444, 104771, 104772, 104772, 104771, 120108,
88460, 104783, 104747, 104747, 104783, 120106,
88476, 104793, 104794, 104794, 104793, 120109,
88492, 104805, 104771, 104771, 104805, 120108,
88508, 104760, 104814, 104814, 104760, 120107,
88524, 104825, 104793, 104793, 104825, 120109,
88540, 104772, 104805, 104805, 104772, 120108,
88556, 104794, 104825, 104825, 104794, 120109,
88572, 104814, 104759, 104759, 104814, 120107,
88588, 104748, 104783, 104783, 104748, 120106,
88604, 104867, 104868, 104868, 104867, 120110,
88620, 104879, 103837, 103837, 104879, 120081,
88636, 104889, 104890, 104890, 104889, 120084,
88652, 104901, 104902, 104902, 104901, 120088,
88668, 104868, 104912, 104912, 104868, 120110,
88684, 103970, 104879, 104879, 103970, 120081,
88700, 104902, 103991, 103991, 104902, 120088,
88716, 104939, 104940, 104940, 104939, 120111,
88732, 104951, 104952, 104952, 104951, 120111,
88748, 104963, 104951, 104951, 104963, 120111,
88764, 104973, 104974, 104974, 104973, 120112,
88780, 104985, 104986, 104986, 104985, 120113,
88796, 104997, 104998, 104998, 104997, 120114,
88812, 105009, 105010, 105010, 105009, 120115,
88828, 105021, 105022, 105022, 105021, 120116,
88844, 105033, 104997, 104997, 105033, 120114,
88860, 105043, 105044, 105044, 105043, 120112,
88876, 105044, 105054, 105054, 105044, 120112,
88892, 105065, 105066, 105066, 105065, 120117,
88908, 105077, 105078, 105078, 105077, 120118,
88924, 105010, 105088, 105088, 105010, 120115,
88940, 105099, 105077, 105077, 105099, 120118,
88956, 104952, 105108, 105108, 104952, 120111,
88972, 105108, 104939, 104939, 105108, 120111,
88988, 105127, 105128, 105128, 105127, 120119,
89004, 105139, 105140, 105140, 105139, 120120,
89020, 105151, 105152, 105152, 105151, 120117,
89036, 105128, 105162, 105162, 105128, 120119,
89052, 105173, 105174, 105174, 105173, 120121,
89068, 105185, 105186, 105186, 105185, 120122,
89084, 105197, 105198, 105198, 105197, 120123,
89100, 105209, 105210, 105210, 105209, 120124,
89116, 105162, 105220, 105220, 105162, 120119,
89132, 105231, 105185, 105185, 105231, 120122,
89148, 105174, 105240, 105240, 105174, 120121,
89164, 105240, 105173, 105173, 105240, 120121,
89180, 105210, 105258, 105258, 105210, 120124,
89196, 105269, 104973, 104973, 105269, 120112,
89212, 105054, 105269, 105269, 105054, 120112,
89228, 105258, 105209, 105209, 105258, 120124,
89244, 105198, 105294, 105294, 105198, 120123,
89260, 105305, 105065, 105065, 105305, 120117,
89276, 105220, 105314, 105314, 105220, 120119,
89292, 105325, 105305, 105305, 105325, 120117,
89308, 105294, 105197, 105197, 105294, 120123,
89324, 105186, 105231, 105231, 105186, 120122,
89340, 105351, 105021, 105021, 105351, 120116,
89356, 105066, 105151, 105151, 105066, 120117,
89372, 105140, 105368, 105368, 105140, 120120,
89388, 103948, 104023, 104023, 103948, 120086,
89404, 104012, 105386, 105386, 104012, 120078,
89420, 105397, 104867, 104867, 105397, 120110,
89436, 105314, 105127, 105127, 105314, 120119,
89452, 105152, 105325, 105325, 105152, 120117,
89468, 104912, 105422, 105422, 104912, 120110,
89484, 105433, 103607, 103607, 105433, 120071,
89500, 105443, 105433, 105433, 105443, 120071,
89516, 105453, 105454, 105454, 105453, 120068,
89532, 103504, 105453, 105453, 103504, 120068,
89548, 105473, 103515, 103515, 105473, 120035,
89564, 102390, 105473, 105473, 102390, 120035,
89580, 105491, 102401, 102401, 105491, 120036,
89596, 103596, 105491, 105491, 103596, 120036,
89612, 105509, 103739, 103739, 105509, 120077,
89628, 103608, 105518, 105518, 103608, 120071,
89644, 105518, 105443, 105443, 105518, 120071,
89660, 105454, 105536, 105536, 105454, 120068,
89676, 105547, 102377, 102377, 105547, 120034,
89692, 103860, 103917, 103917, 103860, 120082,
89708, 103906, 105564, 105564, 103906, 120085,
89724, 103492, 103481, 103481, 103492, 120067,
89740, 103470, 105582, 105582, 103470, 120066,
89756, 105593, 105547, 105547, 105593, 120034,
89772, 105536, 103503, 103503, 105536, 120068,
89788, 105386, 103751, 103751, 105386, 120078,
89804, 105619, 105620, 105620, 105619, 120075,
89820, 105631, 105632, 105632, 105631, 120125,
89836, 104096, 104087, 104087, 104096, 120089,
89852, 103806, 103785, 103785, 103806, 120080,
89868, 105620, 103817, 103817, 105620, 120075,
89884, 105632, 105666, 105666, 105632, 120125,
89900, 104046, 103763, 103763, 104046, 120079,
89916, 105564, 103905, 103905, 105564, 120085,
89932, 105666, 105631, 105631, 105666, 120125,
89948, 103544, 105700, 105700, 103544, 120069,
89964, 105711, 103575, 103575, 105711, 120070,
89980, 103676, 105619, 105619, 103676, 120075,
89996, 104974, 105728, 105728, 104974, 120112,
90012, 105739, 104985, 104985, 105739, 120113,
90028, 105728, 105043, 105043, 105728, 120112,
90044, 104986, 105739, 105739, 104986, 120113,
90060, 103882, 105764, 105764, 103882, 120083,
90076, 105775, 103947, 103947, 105775, 120086,
90092, 103960, 103981, 103981, 103960, 120087,
90108, 103992, 105792, 105792, 103992, 120088,
90124, 105803, 105804, 105804, 105803, 120126,
90140, 104024, 105775, 105775, 104024, 120086,
90156, 105804, 105822, 105822, 105804, 120126,
90172, 105764, 104035, 104035, 105764, 120083,
90188, 105822, 105803, 105803, 105822, 120126,
90204, 105792, 104901, 104901, 105792, 120088,
90220, 104890, 103893, 103893, 104890, 120084,
90236, 105865, 105866, 105866, 105865, 120127,
90252, 105877, 104889, 104889, 105877, 120084,
90268, 105887, 105865, 105865, 105887, 120127,
90284, 103894, 105877, 105877, 103894, 120084,
90300, 105866, 105887, 105887, 105866, 120127,
90316, 105422, 105397, 105397, 105422, 120110,
90332, 104940, 104963, 104963, 104940, 120111,
90348, 105929, 103525, 103525, 105929, 120066,
90364, 105582, 105929, 105929, 105582, 120066,
90380, 105947, 105593, 105593, 105947, 120034,
90396, 102378, 105947, 105947, 102378, 120034,
90412, 103436, 105964, 105964, 103436, 120064,
90428, 105964, 103435, 103435, 105964, 120064,
90444, 103448, 105982, 105982, 103448, 120065,
90460, 105982, 103447, 103447, 105982, 120065,
90476, 106001, 106002, 106002, 106001, 120128,
90492, 106002, 106012, 106012, 106002, 120128,
90508, 106023, 106024, 106024, 106023, 120129,
90524, 106024, 106034, 106034, 106024, 120129,
90540, 106045, 106046, 106046, 106045, 120130,
90556, 106057, 106045, 106045, 106057, 120130,
90572, 106067, 106068, 106068, 106067, 120131,
90588, 106079, 106067, 106067, 106079, 120131,
90604, 106089, 106090, 106090, 106089, 120132,
90620, 106101, 106102, 106102, 106101, 120133,
90636, 106113, 106114, 106114, 106113, 120134,
90652, 106125, 106126, 106126, 106125, 120135,
90668, 106137, 106113, 106113, 106137, 120134,
90684, 106147, 106125, 106125, 106147, 120135,
90700, 106114, 106137, 106137, 106114, 120134,
90716, 106165, 106166, 106166, 106165, 120135,
90732, 106177, 106178, 106178, 106177, 120136,
90748, 106189, 106190, 106190, 106189, 120137,
90764, 106201, 106202, 106202, 106201, 120138,
90780, 106190, 106212, 106212, 106190, 120137,
90796, 106223, 106224, 106224, 106223, 120139,
90812, 106212, 106189, 106189, 106212, 120137,
90828, 106178, 106242, 106242, 106178, 120136,
90844, 106253, 106254, 106254, 106253, 120140,
90860, 106265, 106223, 106223, 106265, 120139,
90876, 106202, 106274, 106274, 106202, 120138,
90892, 106285, 106286, 106286, 106285, 120141,
90908, 106297, 106298, 106298, 106297, 120142,
90924, 106309, 106285, 106285, 106309, 120141,
90940, 106298, 106318, 106318, 106298, 120142,
90956, 106329, 106330, 106330, 106329, 120143,
90972, 106341, 106342, 106342, 106341, 120144,
90988, 106353, 106354, 106354, 106353, 120145,
91004, 106365, 106366, 106366, 106365, 120146,
91020, 106377, 106378, 106378, 106377, 120147,
91036, 106389, 106390, 106390, 106389, 120148,
91052, 106401, 106402, 106402, 106401, 120149,
91068, 106413, 106414, 106414, 106413, 120143,
91084, 106366, 106424, 106424, 106366, 120146,
91100, 106435, 106436, 106436, 106435, 120150,
91116, 106424, 106365, 106365, 106424, 120146,
91132, 106414, 106329, 106329, 106414, 120143,
91148, 106463, 106464, 106464, 106463, 120151,
91164, 106475, 106476, 106476, 106475, 120152,
91180, 106487, 106057, 106057, 106487, 120130,
91196, 106068, 106496, 106496, 106068, 120131,
91212, 106507, 106508, 106508, 106507, 120153,
91228, 106378, 106518, 106518, 106378, 120147,
91244, 106529, 106530, 106530, 106529, 120154,
91260, 106541, 106487, 106487, 106541, 120130,
91276, 106476, 106550, 106550, 106476, 120152,
91292, 106561, 106562, 106562, 106561, 120155,
91308, 106562, 106572, 106572, 106562, 120155,
91324, 106583, 106584, 106584, 106583, 120156,
91340, 106595, 106596, 106596, 106595, 120157,
91356, 106607, 106595, 106595, 106607, 120157,
91372, 106617, 106618, 106618, 106617, 120158,
91388, 106629, 106617, 106617, 106629, 120158,
91404, 106639, 106640, 106640, 106639, 120152,
91420, 106550, 106639, 106639, 106550, 120152,
91436, 106659, 106561, 106561, 106659, 120155,
91452, 106669, 106659, 106659, 106669, 120155,
91468, 106102, 106678, 106678, 106102, 120133,
91484, 106689, 106690, 106690, 106689, 120159,
91500, 106701, 106702, 106702, 106701, 120160,
91516, 106713, 106101, 106101, 106713, 120133,
91532, 106464, 106722, 106722, 106464, 120151,
91548, 106733, 106734, 106734, 106733, 120139,
91564, 106745, 106746, 106746, 106745, 120161,
91580, 106757, 106758, 106758, 106757, 120159,
91596, 106769, 106770, 106770, 106769, 120162,
91612, 106781, 106782, 106782, 106781, 120163,
91628, 106793, 106794, 106794, 106793, 120164,
91644, 106805, 106689, 106689, 106805, 120159,
91660, 106702, 106814, 106814, 106702, 120160,
91676, 106825, 106805, 106805, 106825, 120159,
91692, 106794, 106834, 106834, 106794, 120164,
91708, 106845, 106846, 106846, 106845, 120165,
91724, 106857, 106858, 106858, 106857, 120142,
91740, 106869, 106857, 106857, 106869, 120142,
91756, 106846, 106878, 106878, 106846, 120165,
91772, 106889, 106890, 106890, 106889, 120166,
91788, 106890, 106900, 106900, 106890, 120166,
91804, 106911, 106781, 106781, 106911, 120163,
91820, 106814, 106920, 106920, 106814, 120160,
91836, 106878, 106845, 106845, 106878, 120165,
91852, 106834, 106793, 106793, 106834, 120164,
91868, 106782, 106911, 106911, 106782, 120163,
91884, 106900, 106889, 106889, 106900, 120166,
91900, 106920, 106962, 106962, 106920, 120160,
91916, 106690, 106757, 106757, 106690, 120159,
91932, 106746, 106980, 106980, 106746, 120161,
91948, 106962, 106701, 106701, 106962, 120160,
91964, 106999, 107000, 107000, 106999, 120132,
91980, 107000, 107010, 107010, 107000, 120132,
91996, 107021, 107022, 107022, 107021, 120167,
92012, 107033, 107034, 107034, 107033, 120168,
92028, 107045, 107021, 107021, 107045, 120167,
92044, 106758, 106825, 106825, 106758, 120159,
92060, 106858, 107062, 107062, 106858, 120142,
92076, 107062, 106297, 106297, 107062, 120142,
92092, 107081, 107082, 107082, 107081, 120169,
92108, 107093, 106769, 106769, 107093, 120162,
92124, 107034, 107102, 107102, 107034, 120168,
92140, 107113, 107081, 107081, 107113, 120169,
92156, 106286, 106309, 106309, 106286, 120141,
92172, 106318, 106869, 106869, 106318, 120142,
92188, 107139, 106089, 106089, 107139, 120132,
92204, 107010, 107139, 107139, 107010, 120132,
92220, 106090, 106999, 106999, 106090, 120132,
92236, 107165, 107166, 107166, 107165, 120136,
92252, 107177, 107178, 107178, 107177, 120170,
92268, 106678, 107188, 107188, 106678, 120133,
92284, 107166, 106177, 106177, 107166, 120136,
92300, 106166, 106147, 106147, 106166, 120135,
92316, 107215, 107177, 107177, 107215, 120170,
92332, 107188, 106713, 106713, 107188, 120133,
92348, 107233, 107234, 107234, 107233, 120171,
92364, 107245, 107246, 107246, 107245, 120172,
92380, 107257, 107258, 107258, 107257, 120173,
92396, 107269, 107270, 107270, 107269, 120174,
92412, 107281, 107257, 107257, 107281, 120173,
92428, 107246, 107290, 107290, 107246, 120172,
92444, 107301, 107269, 107269, 107301, 120174,
92460, 107258, 107281, 107281, 107258, 120173,
92476, 107319, 107233, 107233, 107319, 120171,
92492, 107270, 107301, 107301, 107270, 120174,
92508, 107290, 107245, 107245, 107290, 120172,
92524, 107234, 107319, 107319, 107234, 120171,
92540, 107353, 107354, 107354, 107353, 120175,
92556, 107365, 107366, 107366, 107365, 120176,
92572, 107366, 107376, 107376, 107366, 120176,
92588, 107387, 107388, 107388, 107387, 120177,
92604, 107388, 107398, 107398, 107388, 120177,
92620, 107409, 107410, 107410, 107409, 120178,
92636, 107410, 107420, 107420, 107410, 120178,
92652, 107431, 107353, 107353, 107431, 120175,
92668, 107441, 107442, 107442, 107441, 120179,
92684, 107453, 107454, 107454, 107453, 120180,
92700, 107465, 107466, 107466, 107465, 120181,
92716, 107477, 107478, 107478, 107477, 120182,
92732, 107489, 107465, 107465, 107489, 120181,
92748, 107454, 107498, 107498, 107454, 120180,
92764, 107509, 107477, 107477, 107509, 120182,
92780, 107466, 107489, 107489, 107466, 120181,
92796, 107527, 107441, 107441, 107527, 120179,
92812, 107478, 107509, 107509, 107478, 120182,
92828, 107498, 107453, 107453, 107498, 120180,
92844, 107442, 107527, 107527, 107442, 120179,
92860, 107561, 107409, 107409, 107561, 120178,
92876, 107398, 107570, 107570, 107398, 120177,
92892, 107570, 107580, 107580, 107570, 120177,
92908, 107591, 107592, 107592, 107591, 120183,
92924, 107592, 107602, 107602, 107592, 120183,
92940, 107613, 107614, 107614, 107613, 120184,
92956, 107614, 107624, 107624, 107614, 120184,
92972, 107635, 107561, 107561, 107635, 120178,
92988, 107645, 107646, 107646, 107645, 120185,
93004, 107657, 107658, 107658, 107657, 120186,
93020, 107669, 107670, 107670, 107669, 120187,
93036, 107681, 107682, 107682, 107681, 120188,
93052, 107693, 107669, 107669, 107693, 120187,
93068, 107658, 107702, 107702, 107658, 120186,
93084, 107713, 107681, 107681, 107713, 120188,
93100, 107670, 107693, 107693, 107670, 120187,
93116, 107731, 107645, 107645, 107731, 120185,
93132, 107682, 107713, 107713, 107682, 120188,
93148, 107702, 107657, 107657, 107702, 120186,
93164, 107646, 107731, 107731, 107646, 120185,
93180, 107765, 107613, 107613, 107765, 120184,
93196, 107602, 107774, 107774, 107602, 120183,
93212, 107774, 107784, 107784, 107774, 120183,
93228, 107795, 107796, 107796, 107795, 120189,
93244, 107796, 107806, 107806, 107796, 120189,
93260, 107817, 107818, 107818, 107817, 120190,
93276, 107818, 107828, 107828, 107818, 120190,
93292, 107839, 107765, 107765, 107839, 120184,
93308, 107580, 107387, 107387, 107580, 120177,
93324, 107376, 107856, 107856, 107376, 120176,
93340, 107867, 107795, 107795, 107867, 120189,
93356, 107784, 107591, 107591, 107784, 120183,
93372, 107885, 107431, 107431, 107885, 120175,
93388, 107420, 107635, 107635, 107420, 120178,
93404, 107624, 107839, 107839, 107624, 120184,
93420, 107828, 107910, 107910, 107828, 120190,
93436, 107921, 107365, 107365, 107921, 120176,
93452, 107354, 107930, 107930, 107354, 120175,
93468, 107941, 107867, 107867, 107941, 120189,
93484, 107856, 107921, 107921, 107856, 120176,
93500, 107959, 107817, 107817, 107959, 120190,
93516, 107806, 107941, 107941, 107806, 120189,
93532, 107930, 107885, 107885, 107930, 120175,
93548, 107910, 107959, 107959, 107910, 120190,
93564, 106436, 107992, 107992, 106436, 120150,
93580, 108003, 106435, 106435, 108003, 120150,
93596, 108013, 108003, 108003, 108013, 120150,
93612, 107992, 108013, 108013, 107992, 120150,
93628, 108031, 108032, 108032, 108031, 120148,
93644, 106390, 108031, 108031, 106390, 120148,
93660, 108051, 106201, 106201, 108051, 120138,
93676, 106224, 106733, 106733, 106224, 120139,
93692, 106722, 108068, 108068, 106722, 120151,
93708, 108079, 108051, 108051, 108079, 120138,
93724, 106242, 107165, 107165, 106242, 120136,
93740, 108097, 106253, 106253, 108097, 120140,
93756, 107178, 108106, 108106, 107178, 120170,
93772, 106254, 108097, 108097, 106254, 120140,
93788, 106734, 106265, 106265, 106734, 120139,
93804, 108106, 108132, 108132, 108106, 120170,
93820, 108143, 108144, 108144, 108143, 120154,
93836, 108144, 106529, 106529, 108144, 120154,
93852, 106518, 106377, 106377, 106518, 120147,
93868, 106126, 106165, 106165, 106126, 120135,
93884, 106274, 108079, 108079, 106274, 120138,
93900, 108068, 108186, 108186, 108068, 120151,
93916, 106530, 108196, 108196, 106530, 120154,
93932, 108196, 108143, 108143, 108196, 120154,
93948, 108132, 107215, 107215, 108132, 120170,
93964, 108223, 108224, 108224, 108223, 120191,
93980, 108235, 106401, 106401, 108235, 120149,
93996, 108032, 108244, 108244, 108032, 120148,
94012, 108244, 106389, 106389, 108244, 120148,
94028, 108186, 106463, 106463, 108186, 120151,
94044, 108271, 106583, 106583, 108271, 120156,
94060, 108281, 108282, 108282, 108281, 120192,
94076, 108293, 108294, 108294, 108293, 120193,
94092, 108282, 108304, 108304, 108282, 120192,
94108, 108315, 108293, 108293, 108315, 120193,
94124, 108325, 108315, 108315, 108325, 120193,
94140, 106330, 108334, 108334, 106330, 120143,
94156, 108345, 108346, 108346, 108345, 120191,
94172, 108357, 108358, 108358, 108357, 120194,
94188, 108369, 108357, 108357, 108369, 120194,
94204, 108379, 108369, 108369, 108379, 120194,
94220, 108304, 108388, 108388, 108304, 120192,
94236, 106572, 106669, 106669, 106572, 120155,
94252, 106596, 108406, 108406, 106596, 120157,
94268, 108417, 108418, 108418, 108417, 120144,
94284, 108429, 106353, 106353, 108429, 120145,
94300, 108406, 108438, 108438, 108406, 120157,
94316, 108449, 108417, 108417, 108449, 120144,
94332, 106342, 108449, 108449, 106342, 120144,
94348, 108467, 108468, 108468, 108467, 120195,
94364, 108479, 106079, 106079, 108479, 120131,
94380, 108489, 106629, 106629, 108489, 120158,
94396, 106640, 106475, 106475, 106640, 120152,
94412, 106508, 108506, 108506, 106508, 120153,
94428, 108506, 106507, 106507, 108506, 120153,
94444, 106496, 108479, 108479, 106496, 120131,
94460, 108468, 108532, 108532, 108468, 120195,
94476, 106012, 106001, 106001, 106012, 120128,
94492, 106034, 106023, 106023, 106034, 120129,
94508, 108559, 108489, 108489, 108559, 120158,
94524, 108532, 108467, 108467, 108532, 120195,
94540, 108577, 108578, 108578, 108577, 120196,
94556, 108589, 108590, 108590, 108589, 120197,
94572, 108601, 108602, 108602, 108601, 120198,
94588, 108613, 108614, 108614, 108613, 120199,
94604, 108625, 108601, 108601, 108625, 120198,
94620, 108590, 108634, 108634, 108590, 120197,
94636, 108645, 108613, 108613, 108645, 120199,
94652, 108602, 108625, 108625, 108602, 120198,
94668, 108663, 108577, 108577, 108663, 120196,
94684, 108614, 108645, 108645, 108614, 120199,
94700, 108634, 108589, 108589, 108634, 120197,
94716, 108578, 108663, 108663, 108578, 120196,
94732, 108697, 108698, 108698, 108697, 120200,
94748, 108709, 108710, 108710, 108709, 120201,
94764, 108710, 108720, 108720, 108710, 120201,
94780, 108731, 108732, 108732, 108731, 120202,
94796, 108732, 108742, 108742, 108732, 120202,
94812, 108753, 108754, 108754, 108753, 120203,
94828, 108754, 108764, 108764, 108754, 120203,
94844, 108775, 108697, 108697, 108775, 120200,
94860, 108785, 108786, 108786, 108785, 120204,
94876, 108797, 108798, 108798, 108797, 120205,
94892, 108809, 108810, 108810, 108809, 120206,
94908, 108821, 108822, 108822, 108821, 120207,
94924, 108833, 108809, 108809, 108833, 120206,
94940, 108798, 108842, 108842, 108798, 120205,
94956, 108810, 108833, 108833, 108810, 120206,
94972, 108861, 108821, 108821, 108861, 120207,
94988, 108871, 108785, 108785, 108871, 120204,
95004, 108822, 108861, 108861, 108822, 120207,
95020, 108786, 108871, 108871, 108786, 120204,
95036, 108842, 108797, 108797, 108842, 120205,
95052, 108905, 108906, 108906, 108905, 120208,
95068, 108917, 108918, 108918, 108917, 120209,
95084, 108918, 108928, 108928, 108918, 120209,
95100, 108939, 108940, 108940, 108939, 120210,
95116, 108940, 108950, 108950, 108940, 120210,
95132, 108961, 108962, 108962, 108961, 120211,
95148, 108962, 108972, 108972, 108962, 120211,
95164, 108983, 108905, 108905, 108983, 120208,
95180, 108993, 108994, 108994, 108993, 120212,
95196, 109005, 109006, 109006, 109005, 120213,
95212, 109017, 109018, 109018, 109017, 120214,
95228, 109029, 109030, 109030, 109029, 120215,
95244, 109041, 109017, 109017, 109041, 120214,
95260, 109006, 109050, 109050, 109006, 120213,
95276, 109061, 109029, 109029, 109061, 120215,
95292, 109018, 109041, 109041, 109018, 120214,
95308, 109079, 108993, 108993, 109079, 120212,
95324, 109030, 109061, 109061, 109030, 120215,
95340, 109050, 109005, 109005, 109050, 120213,
95356, 108994, 109079, 109079, 108994, 120212,
95372, 109113, 108961, 108961, 109113, 120211,
95388, 108950, 109122, 109122, 108950, 120210,
95404, 109122, 109132, 109132, 109122, 120210,
95420, 109143, 109144, 109144, 109143, 120216,
95436, 109144, 109154, 109154, 109144, 120216,
95452, 109165, 109166, 109166, 109165, 120217,
95468, 109166, 109176, 109176, 109166, 120217,
95484, 109187, 109113, 109113, 109187, 120211,
95500, 109197, 109198, 109198, 109197, 120218,
95516, 109209, 109210, 109210, 109209, 120219,
95532, 109221, 109222, 109222, 109221, 120220,
95548, 109233, 109234, 109234, 109233, 120221,
95564, 109245, 109221, 109221, 109245, 120220,
95580, 109210, 109254, 109254, 109210, 120219,
95596, 109265, 109233, 109233, 109265, 120221,
95612, 109222, 109245, 109245, 109222, 120220,
95628, 109283, 109197, 109197, 109283, 120218,
95644, 109234, 109265, 109265, 109234, 120221,
95660, 109254, 109209, 109209, 109254, 120219,
95676, 109198, 109283, 109283, 109198, 120218,
95692, 109317, 109165, 109165, 109317, 120217,
95708, 109154, 109326, 109326, 109154, 120216,
95724, 109326, 109336, 109336, 109326, 120216,
95740, 109347, 109348, 109348, 109347, 120201,
95756, 109348, 108709, 108709, 109348, 120201,
95772, 108698, 109366, 109366, 108698, 120200,
95788, 109366, 109376, 109376, 109366, 120200,
95804, 109387, 109317, 109317, 109387, 120217,
95820, 109132, 108939, 108939, 109132, 120210,
95836, 108928, 109404, 109404, 108928, 120209,
95852, 109336, 109143, 109143, 109336, 120216,
95868, 109423, 109347, 109347, 109423, 120201,
95884, 109433, 108983, 108983, 109433, 120208,
95900, 108972, 109187, 109187, 108972, 120211,
95916, 109376, 109450, 109450, 109376, 120200,
95932, 109176, 109387, 109387, 109176, 120217,
95948, 109404, 109468, 109468, 109404, 120209,
95964, 109479, 108731, 108731, 109479, 120202,
95980, 108720, 109423, 109423, 108720, 120201,
95996, 109497, 109433, 109433, 109497, 120208,
96012, 109450, 108775, 108775, 109450, 120200,
96028, 108764, 109514, 109514, 108764, 120203,
96044, 109468, 108917, 108917, 109468, 120209,
96060, 108906, 109497, 109497, 108906, 120208,
96076, 109541, 109479, 109479, 109541, 120202,
96092, 109551, 108753, 108753, 109551, 120203,
96108, 108742, 109541, 109541, 108742, 120202,
96124, 109514, 109551, 109551, 109514, 120203,
96140, 108438, 106607, 106607, 108438, 120157,
96156, 106618, 108559, 108559, 106618, 120158,
96172, 106046, 106541, 106541, 106046, 120130,
96188, 109601, 109602, 109602, 109601, 120222,
96204, 109613, 109614, 109614, 109613, 120223,
96220, 109614, 109624, 109624, 109614, 120223,
96236, 109635, 109636, 109636, 109635, 120224,
96252, 109647, 109648, 109648, 109647, 120225,
96268, 109659, 109601, 109601, 109659, 120222,
96284, 109636, 109668, 109668, 109636, 120224,
96300, 109679, 109680, 109680, 109679, 120226,
96316, 109680, 109690, 109690, 109680, 120226,
96332, 109701, 109702, 109702, 109701, 120227,
96348, 109713, 109714, 109714, 109713, 120228,
96364, 109702, 109724, 109724, 109702, 120227,
96380, 109735, 109736, 109736, 109735, 120229,
96396, 109747, 109748, 109748, 109747, 120230,
96412, 109736, 109758, 109758, 109736, 120229,
96428, 109769, 109770, 109770, 109769, 120231,
96444, 109770, 109780, 109780, 109770, 120231,
96460, 109791, 109792, 109792, 109791, 120232,
96476, 109803, 109713, 109713, 109803, 120228,
96492, 109792, 109812, 109812, 109792, 120232,
96508, 109823, 109747, 109747, 109823, 120230,
96524, 109833, 109834, 109834, 109833, 120233,
96540, 109834, 109844, 109844, 109834, 120233,
96556, 103740, 109854, 109854, 103740, 120077,
96572, 109714, 109803, 109803, 109714, 120228,
96588, 109812, 109791, 109791, 109812, 120232,
96604, 109881, 109679, 109679, 109881, 120226,
96620, 109780, 109769, 109769, 109780, 120231,
96636, 109758, 109898, 109898, 109758, 120229,
96652, 109602, 109908, 109908, 109602, 120222,
96668, 109898, 109918, 109918, 109898, 120229,
96684, 109929, 109613, 109613, 109929, 120223,
96700, 109939, 109881, 109881, 109939, 120226,
96716, 109908, 109948, 109948, 109908, 120222,
96732, 109959, 109929, 109929, 109959, 120223,
96748, 109918, 109735, 109735, 109918, 120229,
96764, 109977, 109701, 109701, 109977, 120227,
96780, 109690, 109939, 109939, 109690, 120226,
96796, 109948, 109659, 109659, 109948, 120222,
96812, 109648, 110002, 110002, 109648, 120225,
96828, 110013, 109635, 109635, 110013, 120224,
96844, 109624, 109959, 109959, 109624, 120223,
96860, 110031, 110032, 110032, 110031, 120234,
96876, 109844, 109833, 109833, 109844, 120233,
96892, 109748, 109823, 109823, 109748, 120230,
96908, 110059, 110031, 110031, 110059, 120234,
96924, 110069, 110059, 110059, 110069, 120234,
96940, 109854, 110078, 110078, 109854, 120077,
96956, 110089, 110069, 110069, 110089, 120234,
96972, 110078, 105509, 105509, 110078, 120077,
96988, 110032, 110089, 110089, 110032, 120234,
97004, 110115, 110013, 110013, 110115, 120224,
97020, 110002, 110124, 110124, 110002, 120225,
97036, 110135, 109977, 109977, 110135, 120227,
97052, 109724, 110135, 110135, 109724, 120227,
97068, 110153, 109647, 109647, 110153, 120225,
97084, 110124, 110153, 110153, 110124, 120225,
97100, 109668, 110115, 110115, 109668, 120224,
97116, 110179, 110180, 110180, 110179, 120235,
97132, 110191, 110192, 110192, 110191, 120236,
97148, 110192, 110202, 110202, 110192, 120236,
97164, 110213, 103719, 103719, 110213, 120076,
97180, 103826, 110222, 110222, 103826, 120074,
97196, 110233, 110179, 110179, 110233, 120235,
97212, 110180, 110233, 110233, 110180, 120235,
97228, 110222, 103663, 103663, 110222, 120074,
97244, 103688, 110213, 110213, 103688, 120076,
97260, 110202, 110191, 110191, 110202, 120236,
97276, 103728, 110274, 110274, 103728, 120072,
97292, 110285, 110286, 110286, 110285, 120237,
97308, 110286, 110296, 110296, 110286, 120237,
97324, 110307, 110308, 110308, 110307, 120238,
97340, 110308, 110318, 110318, 110308, 120238,
97356, 110329, 103653, 103653, 110329, 120073,
97372, 110296, 110285, 110285, 110296, 120237,
97388, 110274, 103619, 103619, 110274, 120072,
97404, 103632, 110329, 110329, 103632, 120073,
97420, 110318, 110307, 110307, 110318, 120238,
97436, 110371, 110372, 110372, 110371, 120239,
97452, 110383, 110384, 110384, 110383, 120240,
97468, 110395, 110396, 110396, 110395, 120241,
97484, 110407, 110371, 110371, 110407, 120239,
97500, 110384, 110416, 110416, 110384, 120240,
97516, 110427, 110428, 110428, 110427, 120242,
97532, 110439, 110395, 110395, 110439, 120241,
97548, 110449, 110450, 110450, 110449, 120243,
97564, 110461, 110462, 110462, 110461, 120244,
97580, 110473, 110449, 110449, 110473, 120243,
97596, 110483, 110484, 110484, 110483, 120245,
97612, 110495, 110461, 110461, 110495, 120244,
97628, 110505, 110506, 110506, 110505, 120246,
97644, 110517, 110518, 110518, 110517, 120247,
97660, 110529, 110530, 110530, 110529, 120248,
97676, 110541, 110505, 110505, 110541, 120246,
97692, 110551, 110529, 110529, 110551, 120248,
97708, 110561, 110562, 110562, 110561, 120249,
97724, 110484, 110572, 110572, 110484, 120245,
97740, 110583, 110561, 110561, 110583, 120249,
97756, 110518, 110592, 110592, 110518, 120247,
97772, 110603, 110604, 110604, 110603, 120250,
97788, 110615, 110603, 110603, 110615, 120250,
97804, 110625, 108271, 108271, 110625, 120156,
97820, 110572, 110483, 110483, 110572, 120245,
97836, 110562, 110583, 110583, 110562, 120249,
97852, 110450, 110650, 110650, 110450, 120243,
97868, 110661, 110541, 110541, 110661, 120246,
97884, 110530, 110551, 110551, 110530, 120248,
97900, 110372, 110678, 110678, 110372, 120239,
97916, 110689, 110661, 110661, 110689, 120246,
97932, 110699, 110383, 110383, 110699, 120240,
97948, 110709, 110699, 110699, 110709, 120240,
97964, 110650, 110718, 110718, 110650, 120243,
97980, 110506, 110689, 110689, 110506, 120246,
97996, 110678, 110736, 110736, 110678, 120239,
98012, 110747, 110427, 110427, 110747, 120242,
98028, 110416, 110709, 110709, 110416, 120240,
98044, 110718, 110473, 110473, 110718, 120243,
98060, 110462, 110772, 110772, 110462, 120244,
98076, 110783, 110784, 110784, 110783, 120251,
98092, 110736, 110407, 110407, 110736, 120239,
98108, 110396, 110802, 110802, 110396, 120241,
98124, 110604, 110615, 110615, 110604, 120250,
98140, 110592, 110517, 110517, 110592, 120247,
98156, 110784, 110828, 110828, 110784, 120251,
98172, 110839, 110625, 110625, 110839, 120156,
98188, 110828, 110848, 110848, 110828, 120251,
98204, 106584, 110839, 110839, 106584, 120156,
98220, 110848, 110866, 110866, 110848, 120251,
98236, 110802, 110876, 110876, 110802, 120241,
98252, 110866, 110783, 110783, 110866, 120251,
98268, 110772, 110894, 110894, 110772, 120244,
98284, 110905, 110747, 110747, 110905, 120242,
98300, 110894, 110495, 110495, 110894, 120244,
98316, 110428, 110922, 110922, 110428, 120242,
98332, 110922, 110905, 110905, 110922, 120242,
98348, 110876, 110439, 110439, 110876, 120241,
98364, 110949, 110950, 110950, 110949, 120252,
98380, 110961, 110962, 110962, 110961, 120253,
98396, 108294, 110972, 110972, 108294, 120193,
98412, 110983, 110949, 110949, 110983, 120252,
98428, 110962, 110992, 110992, 110962, 120253,
98444, 111003, 108223, 108223, 111003, 120191,
98460, 110950, 110983, 110983, 110950, 120252,
98476, 110972, 108325, 108325, 110972, 120193,
98492, 108346, 111003, 111003, 108346, 120191,
98508, 110992, 110961, 110961, 110992, 120253,
98524, 111045, 111046, 111046, 111045, 120254,
98540, 111057, 108281, 108281, 111057, 120192,
98556, 111067, 111068, 111068, 111067, 120255,
98572, 111079, 111045, 111045, 111079, 120254,
98588, 108358, 111088, 111088, 108358, 120194,
98604, 111099, 111067, 111067, 111099, 120255,
98620, 111068, 111099, 111099, 111068, 120255,
98636, 111088, 108379, 108379, 111088, 120194,
98652, 108388, 111057, 111057, 108388, 120192,
98668, 111046, 111079, 111079, 111046, 120254,
98684, 111141, 111142, 111142, 111141, 120256,
98700, 111153, 111154, 111154, 111153, 120257,
98716, 111165, 111166, 111166, 111165, 120258,
98732, 111177, 111141, 111141, 111177, 120256,
98748, 111187, 111188, 111188, 111187, 120259,
98764, 111199, 111165, 111165, 111199, 120258,
98780, 111154, 111208, 111208, 111154, 120257,
98796, 111219, 111187, 111187, 111219, 120259,
98812, 111229, 111230, 111230, 111229, 120260,
98828, 111241, 111242, 111242, 111241, 120261,
98844, 111253, 111254, 111254, 111253, 120262,
98860, 111265, 111266, 111266, 111265, 120263,
98876, 111188, 111219, 111219, 111188, 120259,
98892, 111208, 111153, 111153, 111208, 120257,
98908, 111142, 111177, 111177, 111142, 120256,
98924, 111166, 111199, 111199, 111166, 120258,
98940, 111230, 111308, 111308, 111230, 120260,
98956, 111319, 111265, 111265, 111319, 120263,
98972, 111254, 111328, 111328, 111254, 120262,
98988, 111339, 111241, 111241, 111339, 120261,
99004, 111242, 111339, 111339, 111242, 120261,
99020, 111328, 111253, 111253, 111328, 120262,
99036, 111266, 111319, 111319, 111266, 120263,
99052, 111308, 111229, 111229, 111308, 120260,
99068, 111381, 111382, 111382, 111381, 120264,
99084, 111393, 111394, 111394, 111393, 120265,
99100, 111405, 111406, 111406, 111405, 120266,
99116, 111417, 111381, 111381, 111417, 120264,
99132, 111427, 111428, 111428, 111427, 120267,
99148, 111439, 111405, 111405, 111439, 120266,
99164, 111394, 111448, 111448, 111394, 120265,
99180, 111459, 111427, 111427, 111459, 120267,
99196, 111469, 111470, 111470, 111469, 120268,
99212, 111481, 111482, 111482, 111481, 120269,
99228, 111493, 111494, 111494, 111493, 120270,
99244, 111505, 111506, 111506, 111505, 120271,
99260, 111428, 111459, 111459, 111428, 120267,
99276, 111448, 111393, 111393, 111448, 120265,
99292, 111382, 111417, 111417, 111382, 120264,
99308, 111406, 111439, 111439, 111406, 120266,
99324, 111470, 111548, 111548, 111470, 120268,
99340, 111559, 111505, 111505, 111559, 120271,
99356, 111494, 111568, 111568, 111494, 120270,
99372, 111579, 111481, 111481, 111579, 120269,
99388, 111482, 111579, 111579, 111482, 120269,
99404, 111568, 111493, 111493, 111568, 120270,
99420, 111506, 111559, 111559, 111506, 120271,
99436, 111548, 111469, 111469, 111548, 120268,
99452, 111621, 111622, 111622, 111621, 120272,
99468, 111633, 111634, 111634, 111633, 120273,
99484, 111645, 111646, 111646, 111645, 120274,
99500, 111657, 111621, 111621, 111657, 120272,
99516, 111667, 111668, 111668, 111667, 120275,
99532, 111679, 111645, 111645, 111679, 120274,
99548, 111634, 111688, 111688, 111634, 120273,
99564, 111699, 111667, 111667, 111699, 120275,
99580, 111709, 111710, 111710, 111709, 120276,
99596, 111721, 111722, 111722, 111721, 120277,
99612, 111733, 111734, 111734, 111733, 120278,
99628, 111745, 111746, 111746, 111745, 120279,
99644, 111668, 111699, 111699, 111668, 120275,
99660, 111688, 111633, 111633, 111688, 120273,
99676, 111622, 111657, 111657, 111622, 120272,
99692, 111646, 111679, 111679, 111646, 120274,
99708, 111710, 111788, 111788, 111710, 120276,
99724, 111799, 111745, 111745, 111799, 120279,
99740, 111734, 111808, 111808, 111734, 120278,
99756, 111819, 111721, 111721, 111819, 120277,
99772, 111722, 111819, 111819, 111722, 120277,
99788, 111808, 111733, 111733, 111808, 120278,
99804, 111746, 111799, 111799, 111746, 120279,
99820, 111788, 111709, 111709, 111788, 120276,
99836, 111861, 111862, 111862, 111861, 120280,
99852, 111873, 111874, 111874, 111873, 120281,
99868, 111885, 111886, 111886, 111885, 120282,
99884, 111897, 111861, 111861, 111897, 120280,
99900, 111907, 111908, 111908, 111907, 120283,
99916, 111919, 111885, 111885, 111919, 120282,
99932, 111874, 111928, 111928, 111874, 120281,
99948, 111939, 111907, 111907, 111939, 120283,
99964, 111949, 111950, 111950, 111949, 120284,
99980, 111961, 111962, 111962, 111961, 120285,
99996, 111973, 111974, 111974, 111973, 120286,
100012, 111985, 111986, 111986, 111985, 120287,
100028, 111908, 111939, 111939, 111908, 120283,
100044, 111928, 111873, 111873, 111928, 120281,
100060, 111862, 111897, 111897, 111862, 120280,
100076, 111886, 111919, 111919, 111886, 120282,
100092, 111950, 112028, 112028, 111950, 120284,
100108, 112039, 111985, 111985, 112039, 120287,
100124, 111974, 112048, 112048, 111974, 120286,
100140, 112059, 111961, 111961, 112059, 120285,
100156, 111962, 112059, 112059, 111962, 120285,
100172, 112048, 111973, 111973, 112048, 120286,
100188, 111986, 112039, 112039, 111986, 120287,
100204, 112028, 111949, 111949, 112028, 120284,
100220, 112101, 112102, 112102, 112101, 120288,
100236, 112113, 112114, 112114, 112113, 120289,
100252, 112114, 112124, 112124, 112114, 120289,
100268, 112135, 112136, 112136, 112135, 120290,
100284, 112136, 112146, 112146, 112136, 120290,
100300, 112157, 112158, 112158, 112157, 120291,
100316, 112158, 112168, 112168, 112158, 120291,
100332, 112179, 112101, 112101, 112179, 120288,
100348, 112189, 112190, 112190, 112189, 120292,
100364, 112201, 112202, 112202, 112201, 120293,
100380, 112213, 112214, 112214, 112213, 120294,
100396, 112225, 112226, 112226, 112225, 120295,
100412, 112146, 112135, 112135, 112146, 120290,
100428, 112124, 112113, 112113, 112124, 120289,
100444, 112102, 112179, 112179, 112102, 120288,
100460, 112168, 112157, 112157, 112168, 120291,
100476, 112190, 112268, 112268, 112190, 120292,
100492, 112279, 112225, 112225, 112279, 120295,
100508, 112214, 112288, 112288, 112214, 120294,
100524, 112299, 112201, 112201, 112299, 120293,
100540, 112226, 112279, 112279, 112226, 120295,
100556, 112268, 112189, 112189, 112268, 120292,
100572, 112202, 112299, 112299, 112202, 120293,
100588, 112288, 112213, 112213, 112288, 120294,
100604, 112341, 112342, 112342, 112341, 120296,
100620, 112353, 112354, 112354, 112353, 120297,
100636, 112354, 112364, 112364, 112354, 120297,
100652, 112375, 112376, 112376, 112375, 120298,
100668, 112376, 112386, 112386, 112376, 120298,
100684, 112397, 112398, 112398, 112397, 120299,
100700, 112398, 112408, 112408, 112398, 120299,
100716, 112419, 112341, 112341, 112419, 120296,
100732, 112429, 112430, 112430, 112429, 120300,
100748, 112441, 112442, 112442, 112441, 120301,
100764, 112453, 112454, 112454, 112453, 120302,
100780, 112465, 112466, 112466, 112465, 120303,
100796, 112386, 112375, 112375, 112386, 120298,
100812, 112364, 112353, 112353, 112364, 120297,
100828, 112342, 112419, 112419, 112342, 120296,
100844, 112408, 112397, 112397, 112408, 120299,
100860, 112430, 112508, 112508, 112430, 120300,
100876, 112519, 112465, 112465, 112519, 120303,
100892, 112454, 112528, 112528, 112454, 120302,
100908, 112539, 112441, 112441, 112539, 120301,
100924, 112466, 112519, 112519, 112466, 120303,
100940, 112508, 112429, 112429, 112508, 120300,
100956, 112442, 112539, 112539, 112442, 120301,
100972, 112528, 112453, 112453, 112528, 120302,
100988, 112581, 112582, 112582, 112581, 120304,
101004, 112593, 112594, 112594, 112593, 120305,
101020, 112594, 112604, 112604, 112594, 120305,
101036, 112615, 112616, 112616, 112615, 120306,
101052, 112616, 112626, 112626, 112616, 120306,
101068, 112637, 112638, 112638, 112637, 120307,
101084, 112638, 112648, 112648, 112638, 120307,
101100, 112659, 112581, 112581, 112659, 120304,
101116, 112669, 112670, 112670, 112669, 120308,
101132, 112681, 112682, 112682, 112681, 120309,
101148, 112693, 112694, 112694, 112693, 120310,
101164, 112705, 112706, 112706, 112705, 120311,
101180, 112626, 112615, 112615, 112626, 120306,
101196, 112604, 112593, 112593, 112604, 120305,
101212, 112582, 112659, 112659, 112582, 120304,
101228, 112648, 112637, 112637, 112648, 120307,
101244, 112670, 112748, 112748, 112670, 120308,
101260, 112759, 112705, 112705, 112759, 120311,
101276, 112694, 112768, 112768, 112694, 120310,
101292, 112779, 112681, 112681, 112779, 120309,
101308, 112706, 112759, 112759, 112706, 120311,
101324, 112748, 112669, 112669, 112748, 120308,
101340, 112682, 112779, 112779, 112682, 120309,
101356, 112768, 112693, 112693, 112768, 120310,
101372, 112821, 112822, 112822, 112821, 120312,
101388, 112833, 112834, 112834, 112833, 120313,
101404, 112834, 112844, 112844, 112834, 120313,
101420, 112855, 112856, 112856, 112855, 120314,
101436, 112856, 112866, 112866, 112856, 120314,
101452, 112877, 112878, 112878, 112877, 120315,
101468, 112878, 112888, 112888, 112878, 120315,
101484, 112899, 112821, 112821, 112899, 120312,
101500, 112909, 112910, 112910, 112909, 120316,
101516, 112921, 112922, 112922, 112921, 120317,
101532, 112933, 112934, 112934, 112933, 120318,
101548, 112945, 112946, 112946, 112945, 120319,
101564, 112866, 112855, 112855, 112866, 120314,
101580, 112844, 112833, 112833, 112844, 120313,
101596, 112822, 112899, 112899, 112822, 120312,
101612, 112888, 112877, 112877, 112888, 120315,
101628, 112910, 112988, 112988, 112910, 120316,
101644, 112999, 112945, 112945, 112999, 120319,
101660, 112934, 113008, 113008, 112934, 120318,
101676, 113019, 112921, 112921, 113019, 120317,
101692, 112946, 112999, 112999, 112946, 120319,
101708, 112988, 112909, 112909, 112988, 120316,
101724, 112922, 113019, 113019, 112922, 120317,
101740, 113008, 112933, 112933, 113008, 120318,
101756, 113061, 113062, 113062, 113061, 120320,
101772, 113073, 113074, 113074, 113073, 120321,
101788, 113085, 113086, 113086, 113085, 120322,
101804, 113097, 113098, 113098, 113097, 120323,
101820, 113074, 113108, 113108, 113074, 120321,
101836, 113119, 113120, 113120, 113119, 120324,
101852, 113131, 113132, 113132, 113131, 120325,
101868, 113143, 113061, 113061, 113143, 120320,
101884, 113153, 113131, 113131, 113153, 120325,
101900, 113120, 113162, 113162, 113120, 120324,
101916, 113173, 113143, 113143, 113173, 120320,
101932, 113132, 113153, 113153, 113132, 120325,
101948, 113162, 113119, 113119, 113162, 120324,
101964, 113108, 113198, 113198, 113108, 120321,
101980, 113209, 113073, 113073, 113209, 120321,
101996, 105368, 105139, 105139, 105368, 120120,
102012, 113198, 113209, 113209, 113198, 120321,
102028, 113062, 113234, 113234, 113062, 120320,
102044, 113234, 113173, 113173, 113234, 120320,
102060, 106980, 106745, 106745, 106980, 120161,
102076, 113098, 113260, 113260, 113098, 120323,
102092, 113271, 113085, 113085, 113271, 120322,
102108, 107102, 107033, 107033, 107102, 120168,
102124, 107022, 107045, 107045, 107022, 120167,
102140, 106770, 107093, 107093, 106770, 120162,
102156, 107082, 107113, 107113, 107082, 120169,
102172, 105022, 105351, 105351, 105022, 120116,
102188, 104998, 105033, 105033, 104998, 120114,
102204, 105078, 105099, 105099, 105078, 120118,
102220, 105088, 105009, 105009, 105088, 120115,
102236, 108224, 108345, 108345, 108224, 120191,
102252, 108334, 106413, 106413, 108334, 120143,
102268, 106402, 108235, 108235, 106402, 120149,
102284, 103576, 105711, 105711, 103576, 120070,
102300, 105700, 103587, 103587, 105700, 120069,
102316, 108418, 106341, 106341, 108418, 120144,
102332, 106354, 108429, 108429, 106354, 120145,
102348, 113086, 113271, 113271, 113086, 120322,
102364, 113260, 113097, 113097, 113260, 120323,
