1309, 2605, 2606, 2606, 2605, 4843,
1310, 2608, 2609, 2609, 2608, 4846,
1311, 2612, 2613, 2613, 2612, 4849,
1384, 2647, 2644, 2644, 2647, 4873,
1388, 2657, 2654, 2654, 2657, 4879,
1389, 2658, 2647, 2647, 2658, 4873,
1393, 2666, 2657, 2657, 2666, 4879,
1400, 2675, 2672, 2672, 2675, 4888,
1401, 2676, 2677, 2677, 2676, 4892,
1404, 2644, 2682, 2682, 2644, 4873,
1405, 2685, 2686, 2686, 2685, 4896,
1406, 2688, 2675, 2675, 2688, 4888,
1408, 2693, 2690, 2690, 2693, 4898,
1409, 2694, 2666, 2666, 2694, 4879,
1411, 2677, 2697, 2697, 2677, 4892,
1412, 2686, 2698, 2698, 2686, 4896,
1412, 2698, 2699, 2699, 2698, 4902,
1413, 2702, 2688, 2688, 2702, 4888,
1413, 2701, 2702, 2702, 2701, 4904,
1414, 2705, 2703, 2703, 2705, 4905,
1414, 2703, 2693, 2693, 2703, 4898,
1415, 2707, 2706, 2706, 2707, 4907,
1415, 2697, 2707, 2707, 2697, 4892,
1417, 2713, 2698, 2698, 2713, 4902,
1417, 2698, 2712, 2712, 2698, 4896,
1420, 2712, 2720, 2720, 2712, 4896,
1421, 2722, 2723, 2723, 2722, 4898,
1423, 2723, 2703, 2703, 2723, 4898,
1423, 2703, 2727, 2727, 2703, 4905,
1426, 2727, 2733, 2733, 2727, 4905,
1427, 2735, 2713, 2713, 2735, 4902,
1428, 2736, 2737, 2737, 2736, 4922,
1428, 2737, 2738, 2738, 2737, 4923,
1429, 2739, 2740, 2740, 2739, 4924,
1430, 2742, 2736, 2736, 2742, 4922,
1431, 2743, 2744, 2744, 2743, 4926,
1431, 2744, 2739, 2739, 2744, 4924,
1432, 2738, 2745, 2745, 2738, 4923,
1433, 2747, 2743, 2743, 2747, 4926,
1434, 2740, 2744, 2744, 2740, 4924,
1434, 2744, 2747, 2747, 2744, 4926,
1435, 2745, 2737, 2737, 2745, 4923,
1435, 2737, 2742, 2742, 2737, 4922,
1438, 2756, 2701, 2701, 2756, 4904,
1439, 2699, 2758, 2758, 2699, 4902,
1442, 2758, 2735, 2735, 2758, 4902,
1443, 2733, 2766, 2766, 2733, 4905,
1446, 2766, 2705, 2705, 2766, 4905,
1447, 2706, 2774, 2774, 2706, 4907,
1450, 2774, 2780, 2780, 2774, 4907,
1451, 2782, 2756, 2756, 2782, 4904,
1452, 2783, 2784, 2784, 2783, 4945,
1453, 2786, 2787, 2787, 2786, 4947,
1454, 2788, 2789, 2789, 2788, 4948,
1455, 2791, 2783, 2783, 2791, 4945,
1456, 2792, 2793, 2793, 2792, 4950,
1457, 2795, 2788, 2788, 2795, 4948,
1458, 2787, 2796, 2796, 2787, 4947,
1459, 2798, 2792, 2792, 2798, 4950,
1460, 2789, 2795, 2795, 2789, 4948,
1461, 2793, 2798, 2798, 2793, 4950,
1462, 2796, 2786, 2786, 2796, 4947,
1463, 2784, 2791, 2791, 2784, 4945,
1465, 2808, 2702, 2702, 2808, 4888,
1465, 2702, 2807, 2807, 2702, 4904,
1468, 2807, 2782, 2782, 2807, 4904,
1469, 2780, 2816, 2816, 2780, 4907,
1471, 2816, 2707, 2707, 2816, 4907,
1471, 2707, 2820, 2820, 2707, 4892,
1474, 2820, 2676, 2676, 2820, 4892,
1475, 2672, 2808, 2808, 2672, 4888,
1476, 2829, 2827, 2827, 2829, 4966,
1476, 2827, 2828, 2828, 2827, 4967,
1477, 2832, 2830, 2830, 2832, 4968,
1478, 2833, 2829, 2829, 2833, 4966,
1479, 2835, 2834, 2834, 2835, 4970,
1479, 2834, 2832, 2832, 2834, 4968,
1480, 2828, 2836, 2836, 2828, 4967,
1481, 2838, 2835, 2835, 2838, 4970,
1482, 2830, 2834, 2834, 2830, 4968,
1482, 2834, 2838, 2838, 2834, 4970,
1483, 2836, 2827, 2827, 2836, 4967,
1483, 2827, 2833, 2833, 2827, 4966,
1486, 2847, 2685, 2685, 2847, 4896,
1487, 2682, 2849, 2849, 2682, 4873,
1490, 2849, 2658, 2658, 2849, 4873,
1491, 2654, 2857, 2857, 2654, 4879,
1494, 2857, 2694, 2694, 2857, 4879,
1495, 2690, 2865, 2865, 2690, 4898,
1498, 2865, 2722, 2722, 2865, 4898,
1499, 2720, 2847, 2847, 2720, 4896,
1500, 2872, 2873, 2873, 2872, 4988,
1501, 2875, 2876, 2876, 2875, 4990,
1502, 2877, 2878, 2878, 2877, 4991,
1503, 2880, 2872, 2872, 2880, 4988,
1504, 2881, 2882, 2882, 2881, 4993,
1505, 2884, 2877, 2877, 2884, 4991,
1506, 2876, 2885, 2885, 2876, 4990,
1507, 2887, 2881, 2881, 2887, 4993,
1508, 2878, 2884, 2884, 2878, 4991,
1509, 2882, 2887, 2887, 2882, 4993,
1510, 2885, 2875, 2875, 2885, 4990,
1511, 2873, 2880, 2880, 2873, 4988,
1512, 2892, 2893, 2893, 2892, 4998,
1513, 2896, 2608, 2608, 2896, 4846,
1514, 2901, 2898, 2898, 2901, 5001,
1514, 2900, 2901, 2901, 2900, 5004,
1515, 2893, 2902, 2902, 2893, 4998,
1516, 2905, 2906, 2906, 2905, 5007,
1516, 2906, 2907, 2907, 2906, 5008,
1517, 2907, 2908, 2908, 2907, 5008,
1517, 2908, 2909, 2909, 2908, 5009,
1518, 2911, 2896, 2896, 2911, 4846,
1519, 2912, 2905, 2905, 2912, 5007,
1520, 2902, 2892, 2892, 2902, 4998,
1523, 2924, 2925, 2925, 2924, 5022,
1524, 2927, 2924, 2924, 2927, 5022,
1524, 2613, 2927, 2927, 2613, 4849,
1526, 2933, 2934, 2934, 2933, 5028,
1527, 2935, 2927, 2927, 2935, 5022,
1527, 2927, 2936, 2936, 2927, 4849,
1528, 2938, 2939, 2939, 2938, 5031,
1532, 2952, 2949, 2949, 2952, 5039,
1532, 2951, 2952, 2952, 2951, 5042,
1533, 2954, 2951, 2951, 2954, 5042,
1534, 2955, 2954, 2954, 2955, 5042,
1538, 2970, 2967, 2967, 2970, 5052,
1538, 2967, 2968, 2968, 2967, 5053,
1538, 2969, 2970, 2970, 2969, 5055,
1539, 2972, 2969, 2969, 2972, 5055,
1539, 2949, 2972, 2972, 2949, 5039,
1540, 2973, 2972, 2972, 2973, 5055,
1540, 2972, 2974, 2974, 2972, 5039,
1542, 2980, 2981, 2981, 2980, 5062,
1543, 2986, 2983, 2983, 2986, 5064,
1545, 2989, 2990, 2990, 2989, 5069,
1546, 2990, 2993, 2993, 2990, 5069,
1546, 2994, 2995, 2995, 2994, 5073,
1547, 2967, 2996, 2996, 2967, 5052,
1547, 2995, 2997, 2997, 2995, 5073,
1547, 2997, 2967, 2967, 2997, 5053,
1548, 2996, 2998, 2998, 2996, 5052,
1549, 3001, 3002, 3002, 3001, 5077,
1549, 3002, 3003, 3003, 3002, 5078,
1550, 3003, 3005, 3005, 3003, 5078,
1551, 2983, 3007, 3007, 2983, 5064,
1551, 3007, 3008, 3008, 3007, 5080,
1552, 3011, 3012, 3012, 3011, 5084,
1555, 3020, 3021, 3021, 3020, 5091,
1555, 3021, 3022, 3022, 3021, 5078,
1556, 3022, 3002, 3002, 3022, 5078,
1556, 3002, 3023, 3023, 3002, 5077,
1557, 3027, 3024, 3024, 3027, 5092,
1557, 3026, 3027, 3027, 3026, 5095,
1559, 3023, 3030, 3030, 3023, 5077,
1560, 3033, 3026, 3026, 3033, 5095,
1560, 3032, 3033, 3033, 3032, 5097,
1561, 3035, 3007, 3007, 3035, 5080,
1561, 3007, 3036, 3036, 3007, 5064,
1562, 3038, 3039, 3039, 3038, 5092,
1562, 3039, 3035, 3035, 3039, 5080,
1563, 3041, 3042, 3042, 3041, 5069,
1564, 2993, 3041, 3041, 2993, 5069,
1577, 3067, 3068, 3068, 3067, 5119,
1578, 3070, 3067, 3067, 3070, 5119,
1579, 3072, 3070, 3070, 3072, 5119,
1580, 3068, 3073, 3073, 3068, 5119,
1613, 3110, 3108, 3108, 3110, 5143,
1614, 3111, 3112, 3112, 3111, 5145,
1615, 3115, 3113, 3113, 3115, 5146,
1616, 3116, 3110, 3110, 3116, 5143,
1617, 3119, 3117, 3117, 3119, 5148,
1618, 3120, 3115, 3115, 3120, 5146,
1619, 3112, 3121, 3121, 3112, 5145,
1620, 3123, 3119, 3119, 3123, 5148,
1621, 3108, 3124, 3124, 3108, 5143,
1622, 3127, 3128, 3128, 3127, 5153,
1623, 3130, 3131, 3131, 3130, 5155,
1624, 3133, 3111, 3111, 3133, 5145,
1625, 3137, 3134, 3134, 3137, 5157,
1626, 3138, 3120, 3120, 3138, 5146,
1627, 3117, 3140, 3140, 3117, 5148,
1628, 3142, 3143, 3143, 3142, 5162,
1631, 3151, 3127, 3127, 3151, 5153,
1632, 3124, 3153, 3153, 3124, 5143,
1635, 3153, 3116, 3116, 3153, 5143,
1636, 3113, 3161, 3161, 3113, 5146,
1639, 3161, 3138, 3138, 3161, 5146,
1640, 3134, 3169, 3169, 3134, 5157,
1643, 3169, 3175, 3175, 3169, 5157,
1644, 3177, 3151, 3151, 3177, 5153,
1645, 3180, 3178, 3178, 3180, 5180,
1646, 3181, 3182, 3182, 3181, 5182,
1647, 3185, 3183, 3183, 3185, 5183,
1648, 3186, 3180, 3180, 3186, 5180,
1649, 3189, 3187, 3187, 3189, 5185,
1650, 3190, 3185, 3185, 3190, 5183,
1651, 3182, 3191, 3191, 3182, 5182,
1652, 3193, 3189, 3189, 3193, 5185,
1653, 3183, 3190, 3190, 3183, 5183,
1654, 3187, 3193, 3193, 3187, 5185,
1655, 3191, 3181, 3181, 3191, 5182,
1656, 3178, 3186, 3186, 3178, 5180,
1659, 3205, 3130, 3130, 3205, 5155,
1660, 3128, 3207, 3207, 3128, 5153,
1663, 3207, 3177, 3177, 3207, 5153,
1664, 3175, 3215, 3215, 3175, 5157,
1667, 3215, 3137, 3137, 3215, 5157,
1668, 3143, 3223, 3223, 3143, 5162,
1671, 3223, 3229, 3229, 3223, 5162,
1672, 3231, 3205, 3205, 3231, 5155,
1673, 3234, 3232, 3232, 3234, 5206,
1674, 3235, 3236, 3236, 3235, 5208,
1675, 3239, 3237, 3237, 3239, 5209,
1676, 3240, 3234, 3234, 3240, 5206,
1677, 3243, 3241, 3241, 3243, 5211,
1678, 3244, 3239, 3239, 3244, 5209,
1679, 3236, 3245, 3245, 3236, 5208,
1680, 3247, 3243, 3243, 3247, 5211,
1681, 3237, 3244, 3244, 3237, 5209,
1682, 3241, 3247, 3247, 3241, 5211,
1683, 3245, 3235, 3235, 3245, 5208,
1684, 3232, 3240, 3240, 3232, 5206,
1687, 3259, 3133, 3133, 3259, 5145,
1688, 3131, 3261, 3261, 3131, 5155,
1691, 3261, 3231, 3231, 3261, 5155,
1692, 3229, 3269, 3269, 3229, 5162,
1695, 3269, 3142, 3142, 3269, 5162,
1696, 3140, 3277, 3277, 3140, 5148,
1699, 3277, 3123, 3123, 3277, 5148,
1700, 3121, 3259, 3259, 3121, 5145,
1701, 3286, 3284, 3284, 3286, 5231,
1702, 3287, 3288, 3288, 3287, 5233,
1703, 3291, 3289, 3289, 3291, 5234,
1704, 3292, 3286, 3286, 3292, 5231,
1705, 3295, 3293, 3293, 3295, 5236,
1706, 3296, 3291, 3291, 3296, 5234,
1707, 3288, 3297, 3297, 3288, 5233,
1708, 3299, 3295, 3295, 3299, 5236,
1709, 3289, 3296, 3296, 3289, 5234,
1710, 3293, 3299, 3299, 3293, 5236,
1711, 3297, 3287, 3287, 3297, 5233,
1712, 3284, 3292, 3292, 3284, 5231,
1713, 3304, 3305, 3305, 3304, 5241,
1713, 3305, 3001, 3001, 3305, 5077,
1714, 3308, 3309, 3309, 3308, 5084,
1714, 3309, 3310, 3310, 3309, 5097,
1715, 3305, 3311, 3311, 3305, 5241,
1715, 3030, 3305, 3305, 3030, 5077,
1716, 3310, 3032, 3032, 3310, 5097,
1719, 3323, 3324, 3324, 3323, 5254,
1720, 3328, 3325, 3325, 3328, 5254,
1721, 3330, 3328, 3328, 3330, 5254,
1722, 3334, 3335, 3335, 3334, 5263,
1723, 3337, 3338, 3338, 3337, 5266,
1726, 3347, 3344, 3344, 3347, 5272,
1727, 3348, 3349, 3349, 3348, 5277,
1730, 3361, 3358, 3358, 3361, 5283,
1731, 3362, 3347, 3347, 3362, 5272,
1732, 3364, 3365, 3365, 3364, 5263,
1733, 3365, 3366, 3366, 3365, 5263,
1733, 3366, 3367, 3367, 3366, 5287,
1734, 3371, 3368, 3368, 3371, 5288,
1738, 3349, 3380, 3380, 3349, 5277,
1739, 3383, 3371, 3371, 3383, 5288,
1740, 3325, 3385, 3385, 3325, 5254,
1741, 3385, 3323, 3323, 3385, 5254,
1742, 3387, 3388, 3388, 3387, 5300,
1743, 3390, 3391, 3391, 3390, 5303,
1743, 3392, 3393, 3393, 3392, 5287,
1747, 3388, 3404, 3404, 3388, 5300,
1748, 3408, 3405, 3405, 3408, 5309,
1748, 3405, 3406, 3406, 3405, 5310,
1748, 3406, 3407, 3407, 3406, 5311,
1748, 3407, 3408, 3408, 3407, 5312,
1749, 3404, 3409, 3409, 3404, 5300,
1749, 3409, 3405, 3405, 3409, 5310,
1749, 3405, 3410, 3410, 3405, 5309,
1750, 3410, 3408, 3408, 3410, 5309,
1750, 3408, 3411, 3411, 3408, 5312,
1750, 3411, 3334, 3334, 3411, 5263,
1751, 3366, 3411, 3411, 3366, 5263,
1751, 3411, 3407, 3407, 3411, 5312,
1751, 3407, 3412, 3412, 3407, 5311,
1751, 3412, 3366, 3366, 3412, 5287,
1752, 3409, 3413, 3413, 3409, 5300,
1752, 3413, 3412, 3412, 3413, 5287,
1752, 3412, 3406, 3406, 3412, 5311,
1752, 3406, 3409, 3409, 3406, 5310,
1757, 3421, 3361, 3361, 3421, 5283,
1758, 3367, 3392, 3392, 3367, 5287,
1759, 3391, 3423, 3423, 3391, 5303,
1762, 3024, 3038, 3038, 3024, 5092,
1763, 3036, 3427, 3427, 3036, 5064,
1768, 3437, 3304, 3304, 3437, 5241,
1769, 3413, 3387, 3387, 3413, 5300,
1769, 3393, 3413, 3413, 3393, 5287,
1770, 3311, 3441, 3441, 3311, 5241,
1773, 3444, 2938, 2938, 3444, 5031,
1774, 3446, 3444, 3444, 3446, 5031,
1775, 3447, 3448, 3448, 3447, 5009,
1776, 2909, 3447, 3447, 2909, 5009,
1777, 3450, 2911, 2911, 3450, 4846,
1778, 2609, 3450, 3450, 2609, 4846,
1779, 3452, 2612, 2612, 3452, 4849,
1780, 2936, 3452, 3452, 2936, 4849,
1782, 3455, 2980, 2980, 3455, 5062,
1786, 2939, 3462, 3462, 2939, 5031,
1787, 3462, 3446, 3446, 3462, 5031,
1788, 3448, 3464, 3464, 3448, 5009,
1788, 3464, 2605, 2605, 3464, 4843,
1789, 3005, 3021, 3021, 3005, 5078,
1789, 3021, 3465, 3465, 3021, 5091,
1790, 2908, 2906, 2906, 2908, 5008,
1790, 2906, 3466, 3466, 2906, 5007,
1790, 3466, 3464, 3464, 3466, 4843,
1790, 3464, 2908, 2908, 3464, 5009,
1792, 3427, 2986, 2986, 3427, 5064,
1793, 3471, 3472, 3472, 3471, 5053,
1794, 3473, 3474, 3474, 3473, 5320,
1794, 3073, 3072, 3072, 3073, 5119,
1795, 2997, 2994, 2994, 2997, 5073,
1795, 3472, 2997, 2997, 3472, 5053,
1796, 3474, 3475, 3475, 3474, 5320,
1797, 3042, 2989, 2989, 3042, 5069,
1797, 3465, 3020, 3020, 3465, 5091,
1799, 3475, 3473, 3473, 3475, 5320,
1800, 2925, 3478, 3478, 2925, 5022,
1800, 3478, 2933, 2933, 3478, 5028,
1804, 2968, 3471, 3471, 2968, 5053,
1806, 3335, 3484, 3484, 3335, 5263,
1806, 3484, 3337, 3337, 3484, 5266,
1809, 3484, 3364, 3364, 3484, 5263,
1809, 3338, 3484, 3484, 3338, 5266,
1810, 3008, 3488, 3488, 3008, 5080,
1811, 3490, 3027, 3027, 3490, 5092,
1811, 3027, 3033, 3033, 3027, 5095,
1811, 3033, 3489, 3489, 3033, 5097,
1811, 3489, 3490, 3490, 3489, 5321,
1812, 3039, 3490, 3490, 3039, 5092,
1812, 3490, 3491, 3491, 3490, 5321,
1812, 3488, 3039, 3039, 3488, 5080,
1813, 3491, 3489, 3489, 3491, 5321,
1813, 3489, 3309, 3309, 3489, 5097,
1813, 3309, 3011, 3011, 3309, 5084,
1814, 3492, 3493, 3493, 3492, 5322,
1814, 3493, 3308, 3308, 3493, 5084,
1815, 3495, 3492, 3492, 3495, 5322,
1816, 3012, 3493, 3493, 3012, 5084,
1816, 3493, 3495, 3495, 3493, 5322,
1817, 3441, 3437, 3437, 3441, 5241,
1817, 3324, 3330, 3330, 3324, 5254,
1818, 3499, 2912, 2912, 3499, 5007,
1819, 3466, 3499, 3499, 3466, 5007,
1819, 3501, 3466, 3466, 3501, 4843,
1820, 2606, 3501, 3501, 2606, 4843,
1827, 2898, 3519, 3519, 2898, 5001,
1828, 3519, 2901, 2901, 3519, 5001,
1828, 2901, 3520, 3520, 2901, 5004,
1829, 3520, 2900, 2900, 3520, 5004,
1830, 3522, 3523, 3523, 3522, 5336,
1831, 3523, 3525, 3525, 3523, 5336,
1831, 3525, 3526, 3526, 3525, 5338,
1832, 3526, 3528, 3528, 3526, 5338,
1839, 3540, 3541, 3541, 3540, 5344,
1840, 3543, 3540, 3540, 3543, 5344,
1840, 3542, 3543, 3543, 3542, 5345,
1841, 3544, 3542, 3542, 3544, 5345,
1842, 3545, 3546, 3546, 3545, 5347,
1842, 3547, 3548, 3548, 3547, 5349,
1843, 3551, 3549, 3549, 3551, 5350,
1843, 3549, 3550, 3550, 3549, 5351,
1844, 3553, 3551, 3551, 3553, 5350,
1845, 3555, 3549, 3549, 3555, 5351,
1845, 3549, 3553, 3553, 3549, 5350,
1846, 3559, 3556, 3556, 3559, 5351,
1846, 3556, 3557, 3557, 3556, 5354,
1846, 3557, 3558, 3558, 3557, 5355,
1847, 3562, 3560, 3560, 3562, 5357,
1847, 3558, 3561, 3561, 3558, 5355,
1847, 3561, 3562, 3562, 3561, 5358,
1848, 3561, 3557, 3557, 3561, 5355,
1848, 3557, 3563, 3563, 3557, 5354,
1848, 3563, 3564, 3564, 3563, 5359,
1848, 3564, 3561, 3561, 3564, 5358,
1849, 3560, 3565, 3565, 3560, 5357,
1850, 3570, 3567, 3567, 3570, 5360,
1850, 3569, 3570, 3570, 3569, 5363,
1853, 3577, 3570, 3570, 3577, 5360,
1853, 3570, 3576, 3576, 3570, 5363,
1855, 3583, 3584, 3584, 3583, 5373,
1859, 3596, 3594, 3594, 3596, 5380,
1859, 3595, 3596, 3596, 3595, 5381,
1860, 3598, 3599, 3599, 3598, 5384,
1862, 3604, 3605, 3605, 3604, 5389,
1862, 3606, 3607, 3607, 3606, 5391,
1863, 3611, 3608, 3608, 3611, 5392,
1863, 3608, 3609, 3609, 3608, 5373,
1864, 3599, 3612, 3612, 3599, 5384,
1866, 3618, 3617, 3617, 3618, 5397,
1866, 3612, 3598, 3598, 3612, 5384,
1867, 3609, 3583, 3583, 3609, 5373,
1868, 3621, 3622, 3622, 3621, 5399,
1869, 3625, 3623, 3623, 3625, 5400,
1869, 3623, 3543, 3543, 3623, 5344,
1869, 3543, 3624, 3624, 3543, 5345,
1869, 3624, 3625, 3625, 3624, 5401,
1870, 3605, 3627, 3627, 3605, 5389,
1870, 3627, 3628, 3628, 3627, 5403,
1871, 3631, 3623, 3623, 3631, 5344,
1871, 3623, 3629, 3629, 3623, 5400,
1872, 3632, 3633, 3633, 3632, 5406,
1873, 3633, 3635, 3635, 3633, 5406,
1877, 3652, 3649, 3649, 3652, 5420,
1879, 3657, 3658, 3658, 3657, 5427,
1880, 3661, 3657, 3657, 3661, 5427,
1881, 3663, 3664, 3664, 3663, 5431,
1882, 3667, 3663, 3663, 3667, 5431,
1883, 3669, 3670, 3670, 3669, 5400,
1884, 3629, 3669, 3669, 3629, 5400,
1885, 3674, 3632, 3632, 3674, 5406,
1886, 3676, 3674, 3674, 3676, 5406,
1889, 3548, 3685, 3685, 3548, 5349,
1890, 3690, 3687, 3687, 3690, 5443,
1890, 3689, 3690, 3690, 3689, 5446,
1891, 3691, 3547, 3547, 3691, 5349,
1896, 3622, 3703, 3703, 3622, 5399,
1897, 3705, 3706, 3706, 3705, 5358,
1900, 3715, 3716, 3716, 3715, 5462,
1901, 3717, 3718, 3718, 3717, 5443,
1902, 3721, 3722, 3722, 3721, 5465,
1907, 3737, 3735, 3735, 3737, 5473,
1907, 3735, 3736, 3736, 3735, 5474,
1907, 3736, 3690, 3690, 3736, 5443,
1907, 3690, 3737, 3737, 3690, 5446,
1908, 3740, 3736, 3736, 3740, 5443,
1908, 3736, 3738, 3738, 3736, 5474,
1908, 3738, 3739, 3739, 3738, 5475,
1908, 3739, 3740, 3740, 3739, 5363,
1909, 3743, 3739, 3739, 3743, 5363,
1909, 3739, 3741, 3741, 3739, 5475,
1909, 3741, 3742, 3742, 3741, 5476,
1910, 3742, 3744, 3744, 3742, 5476,
1910, 3744, 3737, 3737, 3744, 5473,
1910, 3737, 3745, 3745, 3737, 5446,
1911, 3741, 3738, 3738, 3741, 5475,
1911, 3738, 3735, 3735, 3738, 5474,
1911, 3735, 3744, 3744, 3735, 5473,
1911, 3744, 3741, 3741, 3744, 5476,
1912, 3745, 3746, 3746, 3745, 5446,
1916, 3687, 3717, 3717, 3687, 5443,
1916, 3716, 3752, 3752, 3716, 5462,
1917, 3746, 3689, 3689, 3746, 5446,
1918, 3754, 3755, 3755, 3754, 5347,
1919, 3755, 3758, 3758, 3755, 5347,
1920, 3761, 3762, 3762, 3761, 5482,
1921, 3764, 3765, 3765, 3764, 5484,
1925, 3771, 3761, 3761, 3771, 5482,
1926, 3718, 3740, 3740, 3718, 5443,
1926, 3740, 3772, 3772, 3740, 5363,
1927, 3772, 3569, 3569, 3772, 5363,
1928, 3776, 3777, 3777, 3776, 5489,
1929, 3779, 3721, 3721, 3779, 5465,
1932, 3765, 3782, 3782, 3765, 5484,
1933, 3783, 3776, 3776, 3783, 5489,
1936, 3567, 3577, 3577, 3567, 5360,
1937, 3576, 3743, 3743, 3576, 5363,
1938, 3786, 3545, 3545, 3786, 5347,
1939, 3758, 3786, 3786, 3758, 5347,
1940, 3546, 3754, 3754, 3546, 5347,
1943, 3791, 3792, 3792, 3791, 5354,
1944, 3795, 3794, 3794, 3795, 5493,
1944, 3685, 3795, 3795, 3685, 5349,
1945, 3792, 3556, 3556, 3792, 5354,
1945, 3556, 3555, 3555, 3556, 5351,
1946, 3796, 3795, 3795, 3796, 5493,
1946, 3795, 3691, 3691, 3795, 5349,
1947, 3800, 3797, 3797, 3800, 5494,
1948, 3801, 3802, 3802, 3801, 5498,
1949, 3804, 3805, 3805, 3804, 5500,
1950, 3807, 3808, 3808, 3807, 5502,
1951, 3810, 3804, 3804, 3810, 5500,
1952, 3802, 3813, 3813, 3802, 5498,
1953, 3815, 3807, 3807, 3815, 5502,
1954, 3805, 3810, 3810, 3805, 5500,
1955, 3819, 3800, 3800, 3819, 5494,
1956, 3808, 3815, 3815, 3808, 5502,
1957, 3813, 3801, 3801, 3813, 5498,
1958, 3797, 3819, 3819, 3797, 5494,
1959, 3828, 3825, 3825, 3828, 5511,
1960, 3829, 3830, 3830, 3829, 5515,
1963, 3830, 3835, 3835, 3830, 5515,
1964, 3838, 3839, 3839, 3838, 5519,
1967, 3839, 3843, 3843, 3839, 5519,
1968, 3846, 3847, 3847, 3846, 5523,
1971, 3847, 3851, 3851, 3847, 5523,
1972, 3854, 3828, 3828, 3854, 5511,
1975, 3860, 3857, 3857, 3860, 5527,
1976, 3861, 3862, 3862, 3861, 5531,
1977, 3864, 3865, 3865, 3864, 5533,
1978, 3867, 3868, 3868, 3867, 5535,
1979, 3870, 3864, 3864, 3870, 5533,
1980, 3862, 3873, 3873, 3862, 5531,
1981, 3875, 3867, 3867, 3875, 5535,
1982, 3865, 3870, 3870, 3865, 5533,
1983, 3879, 3860, 3860, 3879, 5527,
1984, 3868, 3875, 3875, 3868, 5535,
1985, 3873, 3861, 3861, 3873, 5531,
1986, 3857, 3879, 3879, 3857, 5527,
1987, 3887, 3846, 3846, 3887, 5523,
1988, 3843, 3888, 3888, 3843, 5519,
1991, 3888, 3893, 3893, 3888, 5519,
1992, 3896, 3897, 3897, 3896, 5549,
1995, 3897, 3901, 3901, 3897, 5549,
1996, 3904, 3905, 3905, 3904, 5553,
1999, 3905, 3909, 3909, 3905, 5553,
2000, 3912, 3887, 3887, 3912, 5523,
2003, 3918, 3915, 3915, 3918, 5557,
2004, 3919, 3920, 3920, 3919, 5561,
2005, 3922, 3923, 3923, 3922, 5563,
2006, 3925, 3926, 3926, 3925, 5565,
2007, 3928, 3922, 3922, 3928, 5563,
2008, 3920, 3931, 3931, 3920, 5561,
2009, 3933, 3925, 3925, 3933, 5565,
2010, 3923, 3928, 3928, 3923, 5563,
2011, 3937, 3918, 3918, 3937, 5557,
2012, 3926, 3933, 3933, 3926, 5565,
2013, 3931, 3919, 3919, 3931, 5561,
2014, 3915, 3937, 3937, 3915, 5557,
2015, 3945, 3904, 3904, 3945, 5553,
2016, 3901, 3946, 3946, 3901, 5549,
2019, 3946, 3951, 3951, 3946, 5549,
2020, 3954, 3955, 3955, 3954, 5579,
2023, 3955, 3959, 3959, 3955, 5579,
2024, 3962, 3963, 3963, 3962, 5583,
2027, 3963, 3967, 3967, 3963, 5583,
2028, 3970, 3945, 3945, 3970, 5553,
2031, 3893, 3838, 3838, 3893, 5519,
2032, 3835, 3975, 3975, 3835, 5515,
2033, 3977, 3954, 3954, 3977, 5579,
2034, 3951, 3896, 3896, 3951, 5549,
2035, 3981, 3854, 3854, 3981, 5511,
2036, 3851, 3912, 3912, 3851, 5523,
2037, 3909, 3970, 3970, 3909, 5553,
2038, 3967, 3984, 3984, 3967, 5583,
2039, 3986, 3829, 3829, 3986, 5515,
2040, 3825, 3989, 3989, 3825, 5511,
2041, 3991, 3977, 3977, 3991, 5579,
2042, 3975, 3986, 3986, 3975, 5515,
2043, 3995, 3962, 3962, 3995, 5583,
2044, 3959, 3991, 3991, 3959, 5579,
2045, 3989, 3981, 3981, 3989, 5511,
2046, 3984, 3995, 3995, 3984, 5583,
2079, 3617, 4030, 4030, 3617, 5397,
2080, 4033, 3618, 3618, 4033, 5397,
2081, 4035, 4033, 4033, 4035, 5397,
2082, 4030, 4035, 4035, 4030, 5397,
2095, 4052, 4051, 4051, 4052, 5391,
2096, 3607, 4052, 4052, 3607, 5391,
2097, 4054, 3562, 3562, 4054, 5357,
2097, 3562, 3705, 3705, 3562, 5358,
2098, 3703, 4055, 4055, 3703, 5399,
2098, 4055, 4054, 4054, 4055, 5357,
2099, 3563, 3791, 3791, 3563, 5354,
2099, 4057, 3563, 3563, 4057, 5359,
2100, 3794, 4058, 4058, 3794, 5493,
2102, 3564, 4057, 4057, 3564, 5359,
2102, 3706, 3564, 3564, 3706, 5358,
2103, 4058, 4062, 4062, 4058, 5493,
2103, 4062, 4063, 4063, 4062, 5403,
2104, 4063, 3627, 3627, 4063, 5403,
2104, 3627, 3604, 3604, 3627, 5389,
2107, 3550, 3559, 3559, 3550, 5351,
2108, 3565, 4055, 4055, 3565, 5357,
2108, 4055, 4067, 4067, 4055, 5399,
2109, 3628, 4068, 4068, 3628, 5403,
2110, 4068, 4062, 4062, 4068, 5403,
2110, 4062, 3796, 3796, 4062, 5493,
2111, 4070, 4071, 4071, 4070, 5628,
2112, 4073, 3611, 3611, 4073, 5392,
2112, 4051, 4074, 4074, 4051, 5391,
2113, 4074, 3606, 3606, 4074, 5391,
2115, 4067, 3621, 3621, 4067, 5399,
2116, 4077, 3652, 3652, 4077, 5420,
2118, 4079, 4080, 4080, 4079, 5630,
2118, 4080, 4081, 4081, 4080, 5631,
2119, 4080, 4082, 4082, 4080, 5630,
2119, 4083, 4080, 4080, 4083, 5631,
2120, 4085, 4083, 4083, 4085, 5631,
2120, 3584, 4084, 4084, 3584, 5373,
2120, 4084, 4085, 4085, 4084, 5628,
2124, 4091, 4092, 4092, 4091, 5633,
2125, 4094, 4091, 4091, 4094, 5633,
2126, 4095, 4094, 4094, 4095, 5633,
2126, 4082, 4095, 4095, 4082, 5630,
2130, 3635, 3676, 3676, 3635, 5406,
2131, 3658, 4102, 4102, 3658, 5427,
2131, 4102, 4103, 4103, 4102, 5380,
2132, 4104, 3595, 3595, 4104, 5381,
2134, 4102, 4107, 4107, 4102, 5427,
2134, 4108, 4102, 4102, 4108, 5380,
2135, 3594, 4108, 4108, 3594, 5380,
2138, 4112, 4113, 4113, 4112, 5636,
2139, 4115, 3544, 3544, 4115, 5345,
2140, 4117, 3667, 3667, 4117, 5431,
2141, 3670, 3625, 3625, 3670, 5400,
2141, 3625, 4119, 4119, 3625, 5401,
2142, 4119, 3624, 3624, 4119, 5401,
2142, 3624, 4115, 4115, 3624, 5345,
2143, 4113, 4121, 4121, 4113, 5636,
2144, 3525, 3522, 3522, 3525, 5336,
2144, 3528, 3525, 3525, 3528, 5338,
2145, 4122, 4117, 4117, 4122, 5431,
2146, 4121, 4112, 4112, 4121, 5636,
2147, 4127, 4124, 4124, 4127, 5640,
2148, 4128, 4129, 4129, 4128, 5644,
2149, 4131, 4132, 4132, 4131, 5646,
2150, 4134, 4135, 4135, 4134, 5648,
2151, 4136, 4131, 4131, 4136, 5646,
2152, 4129, 4139, 4139, 4129, 5644,
2153, 4141, 4134, 4134, 4141, 5648,
2154, 4132, 4136, 4136, 4132, 5646,
2155, 4145, 4127, 4127, 4145, 5640,
2156, 4135, 4141, 4141, 4135, 5648,
2157, 4139, 4128, 4128, 4139, 5644,
2158, 4124, 4145, 4145, 4124, 5640,
2159, 4155, 4152, 4152, 4155, 5657,
2160, 4156, 4157, 4157, 4156, 5661,
2163, 4157, 4162, 4162, 4157, 5661,
2164, 4165, 4166, 4166, 4165, 5665,
2167, 4166, 4170, 4170, 4166, 5665,
2168, 4173, 4174, 4174, 4173, 5669,
2171, 4174, 4178, 4178, 4174, 5669,
2172, 4181, 4155, 4155, 4181, 5657,
2175, 4187, 4184, 4184, 4187, 5673,
2175, 4184, 4185, 4185, 4184, 5674,
2176, 4190, 4188, 4188, 4190, 5677,
2176, 4188, 4189, 4189, 4188, 5678,
2177, 4192, 4190, 4190, 4192, 5677,
2178, 4185, 4195, 4195, 4185, 5674,
2179, 4188, 4192, 4192, 4188, 5677,
2179, 4197, 4188, 4188, 4197, 5678,
2180, 4199, 4187, 4187, 4199, 5673,
2181, 4189, 4197, 4197, 4189, 5678,
2182, 4184, 4199, 4199, 4184, 5673,
2182, 4195, 4184, 4184, 4195, 5674,
2183, 4206, 4203, 4203, 4206, 5685,
2184, 4207, 4208, 4208, 4207, 5689,
2187, 4208, 4213, 4213, 4208, 5689,
2187, 4213, 4214, 4214, 4213, 5691,
2189, 4214, 4217, 4217, 4214, 5691,
2190, 4220, 4221, 4221, 4220, 5695,
2193, 4221, 4225, 4225, 4221, 5695,
2193, 4225, 4206, 4206, 4225, 5685,
2195, 4230, 4227, 4227, 4230, 5697,
2196, 4231, 4232, 4232, 4231, 5701,
2197, 4234, 4235, 4235, 4234, 5703,
2198, 4237, 4238, 4238, 4237, 5705,
2199, 4239, 4234, 4234, 4239, 5703,
2200, 4232, 4242, 4242, 4232, 5701,
2201, 4244, 4237, 4237, 4244, 5705,
2202, 4235, 4239, 4239, 4235, 5703,
2203, 4248, 4230, 4230, 4248, 5697,
2204, 4238, 4244, 4244, 4238, 5705,
2205, 4242, 4231, 4231, 4242, 5701,
2206, 4227, 4248, 4248, 4227, 5697,
2207, 4257, 4220, 4220, 4257, 5695,
2208, 4217, 4258, 4258, 4217, 5691,
2211, 4258, 4263, 4263, 4258, 5691,
2212, 4266, 4267, 4267, 4266, 5719,
2215, 4267, 4271, 4271, 4267, 5719,
2216, 4274, 4275, 4275, 4274, 5723,
2219, 4275, 4279, 4279, 4275, 5723,
2220, 4282, 4257, 4257, 4282, 5695,
2223, 4288, 4285, 4285, 4288, 5727,
2223, 4285, 4286, 4286, 4285, 5728,
2224, 4291, 4289, 4289, 4291, 5731,
2224, 4289, 4290, 4290, 4289, 5732,
2225, 4292, 4291, 4291, 4292, 5731,
2226, 4286, 4295, 4295, 4286, 5728,
2227, 4297, 4289, 4289, 4297, 5732,
2227, 4289, 4292, 4292, 4289, 5731,
2228, 4299, 4288, 4288, 4299, 5727,
2229, 4290, 4297, 4297, 4290, 5732,
2230, 4295, 4285, 4285, 4295, 5728,
2230, 4285, 4299, 4299, 4285, 5727,
2231, 4306, 4274, 4274, 4306, 5723,
2232, 4271, 4307, 4307, 4271, 5719,
2235, 4307, 4312, 4312, 4307, 5719,
2235, 4312, 4313, 4313, 4312, 5661,
2237, 4313, 4156, 4156, 4313, 5661,
2238, 4152, 4318, 4318, 4152, 5657,
2241, 4318, 4322, 4322, 4318, 5657,
2241, 4322, 4306, 4306, 4322, 5723,
2243, 4263, 4213, 4213, 4263, 5691,
2243, 4213, 4324, 4324, 4213, 5689,
2244, 4312, 4266, 4266, 4312, 5719,
2244, 4326, 4312, 4312, 4326, 5661,
2245, 4328, 4225, 4225, 4328, 5685,
2245, 4225, 4282, 4282, 4225, 5695,
2246, 4322, 4329, 4329, 4322, 5657,
2246, 4279, 4322, 4322, 4279, 5723,
2247, 4324, 4330, 4330, 4324, 5689,
2249, 4336, 4165, 4165, 4336, 5665,
2250, 4162, 4326, 4326, 4162, 5661,
2252, 4342, 4328, 4328, 4342, 5685,
2253, 4329, 4181, 4181, 4329, 5657,
2254, 4178, 4345, 4345, 4178, 5669,
2257, 4330, 4207, 4207, 4330, 5689,
2258, 4203, 4342, 4342, 4203, 5685,
2265, 4362, 4336, 4336, 4362, 5665,
2269, 4370, 4173, 4173, 4370, 5669,
2270, 4170, 4362, 4362, 4170, 5665,
2274, 4345, 4370, 4370, 4345, 5669,
2347, 4107, 3661, 3661, 4107, 5427,
2348, 3664, 4122, 4122, 3664, 5431,
2349, 3541, 3631, 3631, 3541, 5344,
2351, 4396, 4397, 4397, 4396, 5780,
2351, 4397, 4398, 4398, 4397, 5781,
2352, 4398, 4401, 4401, 4398, 5781,
2352, 4401, 4402, 4402, 4401, 5784,
2353, 4405, 4403, 4403, 4405, 5785,
2353, 4403, 4396, 4396, 4403, 5780,
2354, 4402, 4407, 4407, 4402, 5784,
2355, 4410, 4411, 4411, 4410, 5790,
2356, 4411, 4413, 4413, 4411, 5790,
2356, 4413, 4414, 4414, 4413, 5792,
2357, 4416, 4417, 4417, 4416, 5794,
2358, 4414, 4419, 4419, 4414, 5792,
2359, 4421, 4422, 4422, 4421, 5797,
2361, 4428, 4429, 4429, 4428, 5802,
2362, 4422, 4431, 4431, 4422, 5797,
2362, 4431, 4432, 4432, 4431, 5804,
2363, 4432, 4433, 4433, 4432, 5804,
2366, 4443, 4444, 4444, 4443, 5812,
2367, 4447, 4416, 4416, 4447, 5794,
2368, 4444, 4449, 4449, 4444, 5812,
2369, 4450, 4428, 4428, 4450, 5802,
2370, 4453, 4454, 4454, 4453, 5818,
2371, 4454, 4457, 4457, 4454, 5818,
2373, 2981, 4462, 4462, 2981, 5062,
2374, 4417, 4447, 4447, 4417, 5794,
2375, 4449, 4443, 4443, 4449, 5812,
2376, 4467, 4410, 4410, 4467, 5790,
2378, 4433, 4431, 4431, 4433, 5804,
2378, 4431, 4471, 4471, 4431, 5797,
2379, 4397, 4472, 4472, 4397, 5780,
2379, 4471, 4473, 4473, 4471, 5797,
2379, 4473, 4397, 4397, 4473, 5781,
2380, 4475, 4467, 4467, 4475, 5790,
2380, 4472, 4475, 4475, 4472, 5780,
2382, 4477, 4473, 4473, 4477, 5781,
2382, 4473, 4421, 4421, 4473, 5797,
2383, 4478, 4413, 4413, 4478, 5792,
2383, 4413, 4475, 4475, 4413, 5790,
2383, 4475, 4403, 4403, 4475, 5780,
2383, 4403, 4478, 4478, 4403, 5785,
2384, 4480, 4401, 4401, 4480, 5784,
2384, 4401, 4477, 4477, 4401, 5781,
2384, 4479, 4480, 4480, 4479, 5827,
2385, 4457, 4453, 4453, 4457, 5818,
2387, 4429, 4450, 4450, 4429, 5802,
2389, 4487, 4479, 4479, 4487, 5827,
2390, 4488, 4487, 4487, 4488, 5827,
2390, 4462, 4488, 4488, 4462, 5062,
2391, 4490, 4488, 4488, 4490, 5827,
2391, 4488, 3455, 3455, 4488, 5062,
2392, 4480, 4490, 4490, 4480, 5827,
2392, 4492, 4480, 4480, 4492, 5784,
2393, 4478, 4493, 4493, 4478, 5785,
2393, 4495, 4478, 4478, 4495, 5792,
2394, 4419, 4495, 4495, 4419, 5792,
2395, 4497, 4405, 4405, 4497, 5785,
2396, 4493, 4497, 4497, 4493, 5785,
2397, 4407, 4492, 4492, 4407, 5784,
2398, 4501, 4502, 4502, 4501, 5834,
2398, 4502, 4503, 4503, 4502, 5835,
2399, 4503, 4504, 4504, 4503, 5835,
2399, 4504, 2973, 2973, 4504, 5055,
2400, 2998, 4505, 4505, 2998, 5052,
2400, 4505, 4501, 4501, 4505, 5834,
2401, 4502, 4505, 4505, 4502, 5834,
2401, 4505, 2970, 2970, 4505, 5052,
2401, 2970, 4504, 4504, 2970, 5055,
2401, 4504, 4502, 4502, 4504, 5835,
2402, 2974, 4506, 4506, 2974, 5039,
2402, 4506, 4507, 4507, 4506, 5836,
2403, 4507, 4508, 4508, 4507, 5836,
2403, 4508, 4509, 4509, 4508, 5837,
2404, 4509, 4510, 4510, 4509, 5837,
2404, 4510, 2955, 2955, 4510, 5042,
2405, 4508, 4506, 4506, 4508, 5836,
2405, 4506, 2952, 2952, 4506, 5039,
2405, 2952, 4510, 4510, 2952, 5042,
2405, 4510, 4508, 4508, 4510, 5837,
2406, 4511, 4512, 4512, 4511, 5838,
2406, 4512, 4513, 4513, 4512, 5839,
2407, 4515, 4514, 4514, 4515, 5840,
2407, 4514, 4511, 4511, 4514, 5838,
2408, 4513, 4516, 4516, 4513, 5839,
2408, 4516, 4517, 4517, 4516, 5841,
2409, 4518, 4515, 4515, 4518, 5840,
2410, 4521, 4519, 4519, 4521, 5842,
2411, 4523, 4522, 4522, 4523, 5844,
2411, 4522, 4521, 4521, 4522, 5842,
2412, 4524, 4525, 4525, 4524, 5845,
2413, 4526, 4523, 4523, 4526, 5844,
2414, 4527, 4528, 4528, 4527, 5846,
2416, 4532, 4533, 4533, 4532, 5849,
2417, 4535, 4534, 4534, 4535, 5850,
2417, 4534, 4527, 4527, 4534, 5846,
2418, 4537, 4535, 4535, 4537, 5850,
2421, 4543, 4542, 4542, 4543, 5854,
2422, 4525, 4544, 4544, 4525, 5845,
2423, 4546, 4543, 4543, 4546, 5854,
2424, 4533, 4547, 4547, 4533, 5849,
2425, 4549, 4550, 4550, 4549, 5857,
2426, 4553, 4549, 4549, 4553, 5857,
2428, 4555, 4077, 4077, 4555, 5420,
2429, 4544, 4524, 4524, 4544, 5845,
2430, 4542, 4546, 4546, 4542, 5854,
2431, 4519, 4559, 4559, 4519, 5842,
2433, 4563, 4534, 4534, 4563, 5846,
2433, 4534, 4537, 4537, 4534, 5850,
2434, 4512, 4564, 4564, 4512, 5838,
2434, 4564, 4563, 4563, 4564, 5846,
2434, 4565, 4512, 4512, 4565, 5839,
2435, 4567, 4565, 4565, 4567, 5839,
2435, 4559, 4567, 4567, 4559, 5842,
2437, 4528, 4564, 4564, 4528, 5846,
2437, 4564, 4569, 4569, 4564, 5838,
2438, 4570, 4516, 4516, 4570, 5841,
2438, 4516, 4567, 4567, 4516, 5839,
2438, 4567, 4522, 4522, 4567, 5842,
2438, 4522, 4570, 4570, 4522, 5844,
2439, 4572, 4571, 4571, 4572, 5864,
2439, 4569, 4514, 4514, 4569, 5838,
2439, 4514, 4572, 4572, 4514, 5840,
2440, 4550, 4553, 4553, 4550, 5857,
2442, 4547, 4532, 4532, 4547, 5849,
2444, 4571, 4579, 4579, 4571, 5864,
2445, 4580, 4555, 4555, 4580, 5420,
2445, 4579, 4580, 4580, 4579, 5864,
2446, 3649, 4580, 4580, 3649, 5420,
2446, 4580, 4581, 4581, 4580, 5864,
2447, 4572, 4583, 4583, 4572, 5840,
2447, 4581, 4572, 4572, 4581, 5864,
2448, 4570, 4585, 4585, 4570, 5844,
2448, 4587, 4570, 4570, 4587, 5841,
2449, 4585, 4526, 4526, 4585, 5844,
2450, 4517, 4589, 4589, 4517, 5841,
2451, 4589, 4587, 4587, 4589, 5841,
2452, 4583, 4518, 4518, 4583, 5840,
2453, 4592, 4593, 4593, 4592, 5871,
2453, 4593, 4594, 4594, 4593, 5872,
2454, 4081, 4595, 4595, 4081, 5631,
2454, 4595, 4592, 4592, 4595, 5871,
2455, 4594, 4596, 4596, 4594, 5872,
2455, 4596, 4070, 4070, 4596, 5628,
2456, 4593, 4595, 4595, 4593, 5871,
2456, 4595, 4085, 4085, 4595, 5631,
2456, 4085, 4596, 4596, 4085, 5628,
2456, 4596, 4593, 4593, 4596, 5872,
2457, 4597, 4598, 4598, 4597, 5873,
2457, 4598, 4079, 4079, 4598, 5630,
2458, 4599, 4600, 4600, 4599, 5874,
2458, 4600, 4597, 4597, 4600, 5873,
2459, 4092, 4601, 4601, 4092, 5633,
2459, 4601, 4599, 4599, 4601, 5874,
2460, 4600, 4601, 4601, 4600, 5874,
2460, 4601, 4095, 4095, 4601, 5633,
2460, 4095, 4598, 4598, 4095, 5630,
2460, 4598, 4600, 4600, 4598, 5873,
2461, 4602, 4603, 4603, 4602, 5876,
2461, 4603, 4604, 4604, 4603, 5877,
2462, 4606, 4607, 4607, 4606, 5880,
2462, 4607, 4602, 4602, 4607, 5876,
2463, 4609, 4610, 4610, 4609, 5882,
2463, 4610, 4606, 4606, 4610, 5880,
2464, 4604, 4612, 4612, 4604, 5877,
2464, 4612, 4609, 4609, 4612, 5882,
2465, 4614, 4615, 4615, 4614, 5883,
2465, 4615, 4616, 4616, 4615, 5884,
2466, 4617, 4618, 4618, 4617, 5885,
2466, 4618, 4619, 4619, 4618, 5886,
2467, 4610, 4612, 4612, 4610, 5882,
2467, 4612, 4603, 4603, 4612, 5877,
2467, 4603, 4607, 4607, 4603, 5876,
2467, 4607, 4610, 4610, 4607, 5880,
2468, 4615, 4620, 4620, 4615, 5883,
2468, 4620, 4618, 4618, 4620, 5886,
2468, 4618, 4621, 4621, 4618, 5885,
2468, 4621, 4615, 4615, 4621, 5884,
2469, 4616, 4621, 4621, 4616, 5884,
2469, 4621, 4617, 4617, 4621, 5885,
2470, 4619, 4620, 4620, 4619, 5886,
2470, 4620, 4614, 4614, 4620, 5883,
2471, 4622, 4623, 4623, 4622, 5888,
2471, 4623, 4624, 4624, 4623, 5889,
2472, 4626, 4627, 4627, 4626, 5892,
2472, 4627, 4622, 4622, 4627, 5888,
2473, 4629, 4630, 4630, 4629, 5894,
2473, 4630, 4626, 4626, 4630, 5892,
2474, 4624, 4632, 4632, 4624, 5889,
2474, 4632, 4629, 4629, 4632, 5894,
2475, 4634, 4635, 4635, 4634, 5895,
2475, 4635, 4636, 4636, 4635, 5896,
2476, 4637, 4638, 4638, 4637, 5897,
2476, 4638, 4639, 4639, 4638, 5898,
2477, 4630, 4632, 4632, 4630, 5894,
2477, 4632, 4623, 4623, 4632, 5889,
2477, 4623, 4627, 4627, 4623, 5888,
2477, 4627, 4630, 4630, 4627, 5892,
2478, 4635, 4640, 4640, 4635, 5895,
2478, 4640, 4638, 4638, 4640, 5898,
2478, 4638, 4641, 4641, 4638, 5897,
2478, 4641, 4635, 4635, 4641, 5896,
2479, 4636, 4641, 4641, 4636, 5896,
2479, 4641, 4637, 4637, 4641, 5897,
2480, 4639, 4640, 4640, 4639, 5898,
2480, 4640, 4634, 4634, 4640, 5895,
2481, 4642, 4643, 4643, 4642, 5900,
2481, 4643, 4644, 4644, 4643, 5901,
2482, 4646, 4647, 4647, 4646, 5904,
2482, 4647, 4642, 4642, 4647, 5900,
2483, 4649, 4650, 4650, 4649, 5906,
2483, 4650, 4646, 4646, 4650, 5904,
2484, 4644, 4652, 4652, 4644, 5901,
2484, 4652, 4649, 4649, 4652, 5906,
2485, 4654, 4655, 4655, 4654, 5907,
2485, 4655, 4656, 4656, 4655, 5908,
2486, 4657, 4658, 4658, 4657, 5909,
2486, 4658, 4659, 4659, 4658, 5910,
2487, 4650, 4652, 4652, 4650, 5906,
2487, 4652, 4643, 4643, 4652, 5901,
2487, 4643, 4647, 4647, 4643, 5900,
2487, 4647, 4650, 4650, 4647, 5904,
2488, 4655, 4660, 4660, 4655, 5907,
2488, 4660, 4658, 4658, 4660, 5910,
2488, 4658, 4661, 4661, 4658, 5909,
2488, 4661, 4655, 4655, 4661, 5908,
2489, 4656, 4661, 4661, 4656, 5908,
2489, 4661, 4657, 4657, 4661, 5909,
2490, 4659, 4660, 4660, 4659, 5910,
2490, 4660, 4654, 4654, 4660, 5907,
2491, 4662, 4663, 4663, 4662, 5912,
2491, 4663, 4664, 4664, 4663, 5913,
2492, 4666, 4667, 4667, 4666, 5916,
2492, 4667, 4662, 4662, 4667, 5912,
2493, 4669, 4670, 4670, 4669, 5918,
2493, 4670, 4666, 4666, 4670, 5916,
2494, 4664, 4672, 4672, 4664, 5913,
2494, 4672, 4669, 4669, 4672, 5918,
2495, 4674, 4675, 4675, 4674, 5919,
2495, 4675, 4676, 4676, 4675, 5920,
2496, 4677, 4678, 4678, 4677, 5921,
2496, 4678, 4679, 4679, 4678, 5922,
2497, 4670, 4672, 4672, 4670, 5918,
2497, 4672, 4663, 4663, 4672, 5913,
2497, 4663, 4667, 4667, 4663, 5912,
2497, 4667, 4670, 4670, 4667, 5916,
2498, 4675, 4680, 4680, 4675, 5919,
2498, 4680, 4678, 4678, 4680, 5922,
2498, 4678, 4681, 4681, 4678, 5921,
2498, 4681, 4675, 4675, 4681, 5920,
2499, 4676, 4681, 4681, 4676, 5920,
2499, 4681, 4677, 4677, 4681, 5921,
2500, 4679, 4680, 4680, 4679, 5922,
2500, 4680, 4674, 4674, 4680, 5919,
2501, 4682, 4683, 4683, 4682, 5924,
2501, 4683, 4684, 4684, 4683, 5925,
2502, 4684, 4686, 4686, 4684, 5925,
2502, 4686, 4687, 4687, 4686, 5927,
2503, 4687, 4689, 4689, 4687, 5927,
2503, 4689, 4690, 4690, 4689, 5929,
2504, 4690, 4692, 4692, 4690, 5929,
2504, 4692, 4682, 4682, 4692, 5924,
2505, 4696, 4694, 4694, 4696, 5931,
2505, 4694, 4695, 4695, 4694, 5932,
2506, 4699, 4697, 4697, 4699, 5933,
2506, 4697, 4698, 4698, 4697, 5934,
2507, 4689, 4686, 4686, 4689, 5927,
2507, 4686, 4683, 4683, 4686, 5925,
2507, 4683, 4692, 4692, 4683, 5924,
2507, 4692, 4689, 4689, 4692, 5929,
2508, 4694, 4700, 4700, 4694, 5931,
2508, 4700, 4697, 4697, 4700, 5934,
2508, 4697, 4701, 4701, 4697, 5933,
2508, 4701, 4694, 4694, 4701, 5932,
2509, 4698, 4700, 4700, 4698, 5934,
2509, 4700, 4696, 4696, 4700, 5931,
2510, 4695, 4701, 4701, 4695, 5932,
2510, 4701, 4699, 4699, 4701, 5933,
2511, 4702, 4703, 4703, 4702, 5936,
2511, 4703, 4704, 4704, 4703, 5937,
2512, 4704, 4706, 4706, 4704, 5937,
2512, 4706, 4707, 4707, 4706, 5939,
2513, 4707, 4709, 4709, 4707, 5939,
2513, 4709, 4710, 4710, 4709, 5941,
2514, 4710, 4712, 4712, 4710, 5941,
2514, 4712, 4702, 4702, 4712, 5936,
2515, 4716, 4714, 4714, 4716, 5943,
2515, 4714, 4715, 4715, 4714, 5944,
2516, 4719, 4717, 4717, 4719, 5945,
2516, 4717, 4718, 4718, 4717, 5946,
2517, 4709, 4706, 4706, 4709, 5939,
2517, 4706, 4703, 4703, 4706, 5937,
2517, 4703, 4712, 4712, 4703, 5936,
2517, 4712, 4709, 4709, 4712, 5941,
2518, 4714, 4720, 4720, 4714, 5943,
2518, 4720, 4717, 4717, 4720, 5946,
2518, 4717, 4721, 4721, 4717, 5945,
2518, 4721, 4714, 4714, 4721, 5944,
2519, 4718, 4720, 4720, 4718, 5946,
2519, 4720, 4716, 4716, 4720, 5943,
2520, 4715, 4721, 4721, 4715, 5944,
2520, 4721, 4719, 4719, 4721, 5945,
2521, 4722, 4723, 4723, 4722, 5948,
2521, 4723, 4724, 4724, 4723, 5949,
2522, 4724, 4726, 4726, 4724, 5949,
2522, 4726, 4727, 4727, 4726, 5951,
2523, 4727, 4729, 4729, 4727, 5951,
2523, 4729, 4730, 4730, 4729, 5953,
2524, 4730, 4732, 4732, 4730, 5953,
2524, 4732, 4722, 4722, 4732, 5948,
2525, 4736, 4734, 4734, 4736, 5955,
2525, 4734, 4735, 4735, 4734, 5956,
2526, 4739, 4737, 4737, 4739, 5957,
2526, 4737, 4738, 4738, 4737, 5958,
2527, 4729, 4726, 4726, 4729, 5951,
2527, 4726, 4723, 4723, 4726, 5949,
2527, 4723, 4732, 4732, 4723, 5948,
2527, 4732, 4729, 4729, 4732, 5953,
2528, 4734, 4740, 4740, 4734, 5955,
2528, 4740, 4737, 4737, 4740, 5958,
2528, 4737, 4741, 4741, 4737, 5957,
2528, 4741, 4734, 4734, 4741, 5956,
2529, 4738, 4740, 4740, 4738, 5958,
2529, 4740, 4736, 4736, 4740, 5955,
2530, 4735, 4741, 4741, 4735, 5956,
2530, 4741, 4739, 4739, 4741, 5957,
2531, 4742, 4743, 4743, 4742, 5960,
2531, 4743, 4744, 4744, 4743, 5961,
2532, 4744, 4746, 4746, 4744, 5961,
2532, 4746, 4747, 4747, 4746, 5963,
2533, 4747, 4749, 4749, 4747, 5963,
2533, 4749, 4750, 4750, 4749, 5965,
2534, 4750, 4752, 4752, 4750, 5965,
2534, 4752, 4742, 4742, 4752, 5960,
2535, 4756, 4754, 4754, 4756, 5967,
2535, 4754, 4755, 4755, 4754, 5968,
2536, 4759, 4757, 4757, 4759, 5969,
2536, 4757, 4758, 4758, 4757, 5970,
2537, 4749, 4746, 4746, 4749, 5963,
2537, 4746, 4743, 4743, 4746, 5961,
2537, 4743, 4752, 4752, 4743, 5960,
2537, 4752, 4749, 4749, 4752, 5965,
2538, 4754, 4760, 4760, 4754, 5967,
2538, 4760, 4757, 4757, 4760, 5970,
2538, 4757, 4761, 4761, 4757, 5969,
2538, 4761, 4754, 4754, 4761, 5968,
2539, 4758, 4760, 4760, 4758, 5970,
2539, 4760, 4756, 4756, 4760, 5967,
2540, 4755, 4761, 4761, 4755, 5968,
2540, 4761, 4759, 4759, 4761, 5969,
2545, 4773, 4771, 4771, 4773, 5979,
2546, 4774, 4775, 4775, 4774, 5981,
2553, 4786, 4787, 4787, 4786, 5991,
2554, 4789, 4788, 4788, 4789, 5992,
2555, 4775, 4791, 4791, 4775, 5981,
2555, 4791, 4792, 4792, 4791, 5994,
2556, 4794, 4793, 4793, 4794, 5995,
2556, 4793, 4773, 4773, 4793, 5979,
2557, 4796, 4794, 4794, 4796, 5995,
2558, 4792, 4797, 4797, 4792, 5994,
2559, 4798, 4793, 4793, 4798, 5979,
2559, 4793, 4796, 4796, 4793, 5995,
2560, 4797, 4791, 4791, 4797, 5994,
2560, 4791, 4799, 4799, 4791, 5981,
2561, 4801, 4774, 4774, 4801, 5981,
2562, 3423, 3390, 3390, 3423, 5303,
2562, 4799, 4801, 4801, 4799, 5981,
2567, 4771, 4807, 4807, 4771, 5979,
2568, 4807, 4798, 4798, 4807, 5979,
2568, 3752, 3715, 3715, 3752, 5462,
2570, 4788, 4810, 4810, 4788, 5992,
2573, 4813, 4786, 4786, 4813, 5991,
2578, 3782, 3764, 3764, 3782, 5484,
2579, 3762, 3771, 3771, 3762, 5482,
2581, 3722, 3779, 3779, 3722, 5465,
2582, 3777, 3783, 3783, 3777, 5489,
2583, 3358, 3421, 3421, 3358, 5283,
2586, 3344, 3362, 3362, 3344, 5272,
2587, 3368, 3383, 3383, 3368, 5288,
2588, 3380, 3348, 3348, 3380, 5277,
2589, 4071, 4084, 4084, 4071, 5628,
2589, 4084, 3608, 3608, 4084, 5373,
2589, 3608, 4073, 4073, 3608, 5392,
2590, 2934, 3478, 3478, 2934, 5028,
2590, 3478, 2935, 2935, 3478, 5022,
2597, 4103, 3596, 3596, 4103, 5380,
2597, 3596, 4104, 4104, 3596, 5381,
2598, 4787, 4813, 4813, 4787, 5991,
2599, 4810, 4789, 4789, 4810, 5992,
