191576, 209237, 209238, 209238, 209237, 226894,
191592, 209249, 209250, 209250, 209249, 226895,
191608, 209261, 209262, 209262, 209261, 226896,
191624, 209273, 209274, 209274, 209273, 226897,
191640, 209285, 209286, 209286, 209285, 226898,
191656, 209297, 209273, 209273, 209297, 226897,
191672, 209307, 209285, 209285, 209307, 226898,
191688, 209317, 209318, 209318, 209317, 226899,
191704, 209329, 209330, 209330, 209329, 226900,
191720, 209274, 209340, 209340, 209274, 226897,
191736, 209351, 209352, 209352, 209351, 226901,
191752, 209363, 209317, 209317, 209363, 226899,
191768, 209373, 209374, 209374, 209373, 226902,
191784, 209385, 209307, 209307, 209385, 226898,
191800, 209330, 209394, 209394, 209330, 226900,
191816, 209352, 209404, 209404, 209352, 226901,
191832, 209415, 209416, 209416, 209415, 226903,
191848, 209427, 209363, 209363, 209427, 226899,
191864, 209437, 209438, 209438, 209437, 226904,
191880, 209449, 209450, 209450, 209449, 226905,
191896, 209461, 209373, 209373, 209461, 226902,
191912, 209471, 209472, 209472, 209471, 226906,
191928, 209394, 209482, 209482, 209394, 226900,
191944, 209493, 209415, 209415, 209493, 226903,
191960, 209404, 209502, 209502, 209404, 226901,
191976, 209502, 209512, 209512, 209502, 226901,
191992, 209523, 209524, 209524, 209523, 226902,
192008, 209524, 209461, 209461, 209524, 226902,
192024, 209450, 209542, 209542, 209450, 226905,
192040, 209542, 209552, 209552, 209542, 226905,
192056, 209563, 209493, 209493, 209563, 226903,
192072, 209573, 209574, 209574, 209573, 226907,
192088, 209585, 209586, 209586, 209585, 226908,
192104, 209597, 209598, 209598, 209597, 226909,
192120, 209609, 209573, 209573, 209609, 226907,
192136, 209619, 209620, 209620, 209619, 226910,
192152, 209631, 209597, 209597, 209631, 226909,
192168, 209586, 209640, 209640, 209586, 226908,
192184, 209651, 209619, 209619, 209651, 226910,
192200, 209598, 209631, 209631, 209598, 226909,
192216, 209620, 209651, 209651, 209620, 226910,
192232, 209640, 209585, 209585, 209640, 226908,
192248, 209574, 209609, 209609, 209574, 226907,
192264, 209693, 209437, 209437, 209693, 226904,
192280, 209416, 209702, 209702, 209416, 226903,
192296, 209702, 209563, 209563, 209702, 226903,
192312, 209552, 209720, 209720, 209552, 226905,
192328, 209720, 209449, 209449, 209720, 226905,
192344, 209472, 209738, 209738, 209472, 226906,
192360, 209738, 209748, 209748, 209738, 226906,
192376, 209759, 209693, 209693, 209759, 226904,
192392, 209769, 209770, 209770, 209769, 226911,
192408, 209781, 209782, 209782, 209781, 226912,
192424, 209793, 209794, 209794, 209793, 226913,
192440, 209805, 209769, 209769, 209805, 226911,
192456, 209815, 209816, 209816, 209815, 226914,
192472, 209827, 209793, 209793, 209827, 226913,
192488, 209782, 209836, 209836, 209782, 226912,
192504, 209847, 209815, 209815, 209847, 226914,
192520, 209794, 209827, 209827, 209794, 226913,
192536, 209816, 209847, 209847, 209816, 226914,
192552, 209836, 209781, 209781, 209836, 226912,
192568, 209770, 209805, 209805, 209770, 226911,
192584, 209889, 209427, 209427, 209889, 226899,
192600, 209438, 209898, 209898, 209438, 226904,
192616, 209898, 209759, 209759, 209898, 226904,
192632, 209748, 209916, 209916, 209748, 226906,
192648, 209916, 209471, 209471, 209916, 226906,
192664, 209482, 209934, 209934, 209482, 226900,
192680, 209934, 209329, 209329, 209934, 226900,
192696, 209318, 209889, 209889, 209318, 226899,
192712, 209961, 209962, 209962, 209961, 226915,
192728, 209973, 209974, 209974, 209973, 226916,
192744, 209985, 209986, 209986, 209985, 226917,
192760, 209997, 209961, 209961, 209997, 226915,
192776, 210007, 210008, 210008, 210007, 226918,
192792, 210019, 209985, 209985, 210019, 226917,
192808, 209974, 210028, 210028, 209974, 226916,
192824, 210039, 210007, 210007, 210039, 226918,
192840, 209986, 210019, 210019, 209986, 226917,
192856, 210008, 210039, 210039, 210008, 226918,
192872, 210028, 209973, 209973, 210028, 226916,
192888, 209962, 209997, 209997, 209962, 226915,
192904, 210081, 209351, 209351, 210081, 226901,
192920, 209340, 210090, 210090, 209340, 226897,
192936, 210090, 209297, 209297, 210090, 226897,
192952, 209286, 210108, 210108, 209286, 226898,
192968, 210108, 209385, 209385, 210108, 226898,
192984, 209374, 210126, 210126, 209374, 226902,
193000, 210126, 209523, 209523, 210126, 226902,
193016, 209512, 210081, 210081, 209512, 226901,
193032, 210153, 210154, 210154, 210153, 226919,
193048, 210165, 210166, 210166, 210165, 226920,
193064, 210177, 210178, 210178, 210177, 226921,
193080, 210189, 210153, 210153, 210189, 226919,
193096, 210199, 210200, 210200, 210199, 226922,
193112, 210211, 210177, 210177, 210211, 226921,
193128, 210166, 210220, 210220, 210166, 226920,
193144, 210231, 210199, 210199, 210231, 226922,
193160, 210178, 210211, 210211, 210178, 226921,
193176, 210200, 210231, 210231, 210200, 226922,
193192, 210220, 210165, 210165, 210220, 226920,
193208, 210154, 210189, 210189, 210154, 226919,
193224, 210273, 210274, 210274, 210273, 226923,
193240, 210285, 209249, 209249, 210285, 226895,
193256, 210295, 210296, 210296, 210295, 226924,
193272, 210307, 210308, 210308, 210307, 226925,
193288, 210274, 210318, 210318, 210274, 226923,
193304, 210329, 210330, 210330, 210329, 226926,
193320, 210341, 210342, 210342, 210341, 226927,
193336, 210342, 210352, 210352, 210342, 226927,
193352, 210363, 210364, 210364, 210363, 226928,
193368, 210375, 210285, 210285, 210375, 226895,
193384, 210385, 210329, 210329, 210385, 226926,
193400, 210318, 210273, 210273, 210318, 226923,
193416, 210403, 210404, 210404, 210403, 226929,
193432, 210415, 210403, 210403, 210415, 226929,
193448, 209262, 210424, 210424, 209262, 226896,
193464, 210435, 210436, 210436, 210435, 226930,
193480, 210447, 210415, 210415, 210447, 226929,
193496, 210424, 210456, 210456, 210424, 226896,
193512, 210467, 210468, 210468, 210467, 226931,
193528, 210479, 210480, 210480, 210479, 226932,
193544, 210491, 210492, 210492, 210491, 226933,
193560, 210503, 210491, 210491, 210503, 226933,
193576, 210513, 210503, 210503, 210513, 226933,
193592, 210523, 210524, 210524, 210523, 226934,
193608, 210535, 210536, 210536, 210535, 226935,
193624, 210547, 210548, 210548, 210547, 226936,
193640, 210559, 210547, 210547, 210559, 226936,
193656, 210480, 210568, 210568, 210480, 226932,
193672, 210579, 210559, 210559, 210579, 226936,
193688, 210568, 210588, 210588, 210568, 226932,
193704, 210599, 210600, 210600, 210599, 226937,
193720, 210611, 210612, 210612, 210611, 226938,
193736, 210623, 210624, 210624, 210623, 226939,
193752, 210624, 210634, 210634, 210624, 226939,
193768, 210645, 210646, 210646, 210645, 226940,
193784, 210524, 210656, 210656, 210524, 226934,
193800, 210646, 210666, 210666, 210646, 226940,
193816, 210677, 210535, 210535, 210677, 226935,
193832, 210656, 210686, 210686, 210656, 226934,
193848, 210697, 210698, 210698, 210697, 226941,
193864, 210709, 210710, 210710, 210709, 226942,
193880, 210710, 210720, 210720, 210710, 226942,
193896, 210612, 210730, 210730, 210612, 226938,
193912, 210741, 210742, 210742, 210741, 226943,
193928, 210753, 210754, 210754, 210753, 226944,
193944, 210765, 210766, 210766, 210765, 226945,
193960, 210777, 210778, 210778, 210777, 226942,
193976, 210778, 210709, 210709, 210778, 226942,
193992, 210698, 210796, 210796, 210698, 226941,
194008, 210807, 210808, 210808, 210807, 226946,
194024, 210819, 210820, 210820, 210819, 226947,
194040, 210796, 210830, 210830, 210796, 226941,
194056, 210841, 210819, 210819, 210841, 226947,
194072, 210851, 210852, 210852, 210851, 226948,
194088, 210863, 210741, 210741, 210863, 226943,
194104, 210730, 210872, 210872, 210730, 226938,
194120, 210883, 210884, 210884, 210883, 226946,
194136, 210895, 210863, 210863, 210895, 226943,
194152, 210905, 210906, 210906, 210905, 226939,
194168, 210634, 210905, 210905, 210634, 226939,
194184, 210925, 210926, 210926, 210925, 226949,
194200, 210937, 210925, 210925, 210937, 226949,
194216, 210947, 210937, 210937, 210947, 226949,
194232, 210926, 210956, 210956, 210926, 226949,
194248, 210967, 210968, 210968, 210967, 226950,
194264, 210979, 210980, 210980, 210979, 226951,
194280, 210991, 210992, 210992, 210991, 226952,
194296, 211003, 210967, 210967, 211003, 226950,
194312, 211013, 211014, 211014, 211013, 226953,
194328, 211025, 210991, 210991, 211025, 226952,
194344, 210980, 211034, 211034, 210980, 226951,
194360, 211045, 211013, 211013, 211045, 226953,
194376, 210968, 211054, 211054, 210968, 226950,
194392, 211065, 211066, 211066, 211065, 226954,
194408, 211077, 211078, 211078, 211077, 226955,
194424, 211089, 210979, 210979, 211089, 226951,
194440, 211099, 211100, 211100, 211099, 226956,
194456, 211111, 211025, 211025, 211111, 226952,
194472, 211014, 211120, 211120, 211014, 226953,
194488, 211131, 211132, 211132, 211131, 226957,
194504, 211143, 211065, 211065, 211143, 226954,
194520, 211054, 211152, 211152, 211054, 226950,
194536, 211152, 211003, 211003, 211152, 226950,
194552, 210992, 211170, 211170, 210992, 226952,
194568, 211170, 211111, 211111, 211170, 226952,
194584, 211100, 211188, 211188, 211100, 226956,
194600, 211188, 211198, 211198, 211188, 226956,
194616, 211209, 211143, 211143, 211209, 226954,
194632, 211219, 211220, 211220, 211219, 226958,
194648, 211231, 211232, 211232, 211231, 226959,
194664, 211243, 211244, 211244, 211243, 226960,
194680, 211255, 211219, 211219, 211255, 226958,
194696, 211265, 211266, 211266, 211265, 226961,
194712, 211277, 211243, 211243, 211277, 226960,
194728, 211232, 211286, 211286, 211232, 226959,
194744, 211297, 211265, 211265, 211297, 226961,
194760, 211244, 211277, 211277, 211244, 226960,
194776, 211266, 211297, 211297, 211266, 226961,
194792, 211286, 211231, 211231, 211286, 226959,
194808, 211220, 211255, 211255, 211220, 226958,
194824, 211339, 211077, 211077, 211339, 226955,
194840, 211066, 211348, 211348, 211066, 226954,
194856, 211348, 211209, 211209, 211348, 226954,
194872, 211198, 211366, 211366, 211198, 226956,
194888, 211366, 211099, 211099, 211366, 226956,
194904, 211132, 211384, 211384, 211132, 226957,
194920, 211384, 211394, 211394, 211384, 226957,
194936, 211405, 211339, 211339, 211405, 226955,
194952, 211415, 211416, 211416, 211415, 226962,
194968, 211427, 211428, 211428, 211427, 226963,
194984, 211439, 211440, 211440, 211439, 226964,
195000, 211451, 211415, 211415, 211451, 226962,
195016, 211461, 211462, 211462, 211461, 226965,
195032, 211473, 211439, 211439, 211473, 226964,
195048, 211428, 211482, 211482, 211428, 226963,
195064, 211493, 211461, 211461, 211493, 226965,
195080, 211440, 211473, 211473, 211440, 226964,
195096, 211462, 211493, 211493, 211462, 226965,
195112, 211482, 211427, 211427, 211482, 226963,
195128, 211416, 211451, 211451, 211416, 226962,
195144, 211535, 211089, 211089, 211535, 226951,
195160, 211078, 211544, 211544, 211078, 226955,
195176, 211544, 211405, 211405, 211544, 226955,
195192, 211394, 211562, 211562, 211394, 226957,
195208, 211562, 211131, 211131, 211562, 226957,
195224, 211120, 211580, 211580, 211120, 226953,
195240, 211580, 211045, 211045, 211580, 226953,
195256, 211034, 211535, 211535, 211034, 226951,
195272, 211607, 211608, 211608, 211607, 226966,
195288, 211619, 211620, 211620, 211619, 226967,
195304, 211631, 211632, 211632, 211631, 226968,
195320, 211643, 211607, 211607, 211643, 226966,
195336, 211653, 211654, 211654, 211653, 226969,
195352, 211665, 211631, 211631, 211665, 226968,
195368, 211620, 211674, 211674, 211620, 226967,
195384, 211685, 211653, 211653, 211685, 226969,
195400, 211632, 211665, 211665, 211632, 226968,
195416, 211654, 211685, 211685, 211654, 226969,
195432, 211674, 211619, 211619, 211674, 226967,
195448, 211608, 211643, 211643, 211608, 226966,
195464, 211727, 211728, 211728, 211727, 226970,
195480, 211739, 210697, 210697, 211739, 226941,
195496, 211749, 211750, 211750, 211749, 226944,
195512, 211761, 211762, 211762, 211761, 226948,
195528, 211728, 211772, 211772, 211728, 226970,
195544, 210830, 211739, 211739, 210830, 226941,
195560, 211762, 210851, 210851, 211762, 226948,
195576, 211799, 211800, 211800, 211799, 226971,
195592, 211811, 211812, 211812, 211811, 226971,
195608, 211823, 211811, 211811, 211823, 226971,
195624, 211833, 211834, 211834, 211833, 226972,
195640, 211845, 211846, 211846, 211845, 226973,
195656, 211857, 211858, 211858, 211857, 226974,
195672, 211869, 211870, 211870, 211869, 226975,
195688, 211881, 211882, 211882, 211881, 226976,
195704, 211893, 211857, 211857, 211893, 226974,
195720, 211903, 211904, 211904, 211903, 226972,
195736, 211904, 211914, 211914, 211904, 226972,
195752, 211925, 211926, 211926, 211925, 226977,
195768, 211937, 211938, 211938, 211937, 226978,
195784, 211870, 211948, 211948, 211870, 226975,
195800, 211959, 211937, 211937, 211959, 226978,
195816, 211812, 211968, 211968, 211812, 226971,
195832, 211968, 211799, 211799, 211968, 226971,
195848, 211987, 211988, 211988, 211987, 226979,
195864, 211999, 212000, 212000, 211999, 226980,
195880, 212011, 212012, 212012, 212011, 226977,
195896, 211988, 212022, 212022, 211988, 226979,
195912, 212033, 212034, 212034, 212033, 226981,
195928, 212045, 212046, 212046, 212045, 226982,
195944, 212057, 212058, 212058, 212057, 226983,
195960, 212069, 212070, 212070, 212069, 226984,
195976, 212022, 212080, 212080, 212022, 226979,
195992, 212091, 212045, 212045, 212091, 226982,
196008, 212034, 212100, 212100, 212034, 226981,
196024, 212100, 212033, 212033, 212100, 226981,
196040, 212070, 212118, 212118, 212070, 226984,
196056, 212129, 211833, 211833, 212129, 226972,
196072, 211914, 212129, 212129, 211914, 226972,
196088, 212118, 212069, 212069, 212118, 226984,
196104, 212058, 212154, 212154, 212058, 226983,
196120, 212165, 211925, 211925, 212165, 226977,
196136, 212080, 212174, 212174, 212080, 226979,
196152, 212185, 212165, 212165, 212185, 226977,
196168, 212154, 212057, 212057, 212154, 226983,
196184, 212046, 212091, 212091, 212046, 226982,
196200, 212211, 211881, 211881, 212211, 226976,
196216, 211926, 212011, 212011, 211926, 226977,
196232, 212000, 212228, 212228, 212000, 226980,
196248, 210808, 210883, 210883, 210808, 226946,
196264, 210872, 212246, 212246, 210872, 226938,
196280, 212257, 211727, 211727, 212257, 226970,
196296, 212174, 211987, 211987, 212174, 226979,
196312, 212012, 212185, 212185, 212012, 226977,
196328, 211772, 212282, 212282, 211772, 226970,
196344, 212293, 210467, 210467, 212293, 226931,
196360, 212303, 212293, 212293, 212303, 226931,
196376, 212313, 212314, 212314, 212313, 226928,
196392, 210364, 212313, 212313, 210364, 226928,
196408, 212333, 210375, 210375, 212333, 226895,
196424, 209250, 212333, 212333, 209250, 226895,
196440, 212351, 209261, 209261, 212351, 226896,
196456, 210456, 212351, 212351, 210456, 226896,
196472, 212369, 210599, 210599, 212369, 226937,
196488, 210468, 212378, 212378, 210468, 226931,
196504, 212378, 212303, 212303, 212378, 226931,
196520, 212314, 212396, 212396, 212314, 226928,
196536, 212407, 209237, 209237, 212407, 226894,
196552, 210720, 210777, 210777, 210720, 226942,
196568, 210766, 212424, 212424, 210766, 226945,
196584, 210352, 210341, 210341, 210352, 226927,
196600, 210330, 212442, 212442, 210330, 226926,
196616, 212453, 212407, 212407, 212453, 226894,
196632, 212396, 210363, 210363, 212396, 226928,
196648, 212246, 210611, 210611, 212246, 226938,
196664, 212479, 212480, 212480, 212479, 226935,
196680, 212491, 212492, 212492, 212491, 226985,
196696, 210956, 210947, 210947, 210956, 226949,
196712, 210666, 210645, 210645, 210666, 226940,
196728, 212480, 210677, 210677, 212480, 226935,
196744, 212492, 212526, 212526, 212492, 226985,
196760, 210906, 210623, 210623, 210906, 226939,
196776, 212424, 210765, 210765, 212424, 226945,
196792, 212526, 212491, 212491, 212526, 226985,
196808, 210404, 212560, 212560, 210404, 226929,
196824, 212571, 210435, 210435, 212571, 226930,
196840, 210536, 212479, 212479, 210536, 226935,
196856, 211834, 212588, 212588, 211834, 226972,
196872, 212599, 211845, 211845, 212599, 226973,
196888, 212588, 211903, 211903, 212588, 226972,
196904, 211846, 212599, 212599, 211846, 226973,
196920, 210742, 212624, 212624, 210742, 226943,
196936, 212635, 210807, 210807, 212635, 226946,
196952, 210820, 210841, 210841, 210820, 226947,
196968, 210852, 212652, 212652, 210852, 226948,
196984, 212663, 212664, 212664, 212663, 226986,
197000, 210884, 212635, 212635, 210884, 226946,
197016, 212664, 212682, 212682, 212664, 226986,
197032, 212624, 210895, 210895, 212624, 226943,
197048, 212682, 212663, 212663, 212682, 226986,
197064, 212652, 211761, 211761, 212652, 226948,
197080, 211750, 210753, 210753, 211750, 226944,
197096, 212725, 212726, 212726, 212725, 226987,
197112, 212737, 211749, 211749, 212737, 226944,
197128, 212747, 212725, 212725, 212747, 226987,
197144, 210754, 212737, 212737, 210754, 226944,
197160, 212726, 212747, 212747, 212726, 226987,
197176, 212282, 212257, 212257, 212282, 226970,
197192, 211800, 211823, 211823, 211800, 226971,
197208, 212789, 210385, 210385, 212789, 226926,
197224, 212442, 212789, 212789, 212442, 226926,
197240, 212807, 212453, 212453, 212807, 226894,
197256, 209238, 212807, 212807, 209238, 226894,
197272, 210296, 212824, 212824, 210296, 226924,
197288, 212824, 210295, 210295, 212824, 226924,
197304, 210308, 212842, 212842, 210308, 226925,
197320, 212842, 210307, 210307, 212842, 226925,
197336, 212861, 212862, 212862, 212861, 226988,
197352, 212862, 212872, 212872, 212862, 226988,
197368, 212883, 212884, 212884, 212883, 226989,
197384, 212884, 212894, 212894, 212884, 226989,
197400, 212905, 212906, 212906, 212905, 226990,
197416, 212917, 212905, 212905, 212917, 226990,
197432, 212927, 212928, 212928, 212927, 226991,
197448, 212939, 212927, 212927, 212939, 226991,
197464, 212949, 212950, 212950, 212949, 226992,
197480, 212961, 212962, 212962, 212961, 226993,
197496, 212973, 212974, 212974, 212973, 226994,
197512, 212985, 212986, 212986, 212985, 226995,
197528, 212997, 212973, 212973, 212997, 226994,
197544, 213007, 212985, 212985, 213007, 226995,
197560, 212974, 212997, 212997, 212974, 226994,
197576, 213025, 213026, 213026, 213025, 226995,
197592, 213037, 213038, 213038, 213037, 226996,
197608, 213049, 213050, 213050, 213049, 226997,
197624, 213061, 213062, 213062, 213061, 226998,
197640, 213050, 213072, 213072, 213050, 226997,
197656, 213083, 213084, 213084, 213083, 226999,
197672, 213072, 213049, 213049, 213072, 226997,
197688, 213038, 213102, 213102, 213038, 226996,
197704, 213113, 213114, 213114, 213113, 227000,
197720, 213125, 213083, 213083, 213125, 226999,
197736, 213062, 213134, 213134, 213062, 226998,
197752, 213145, 213146, 213146, 213145, 227001,
197768, 213157, 213158, 213158, 213157, 227002,
197784, 213169, 213145, 213145, 213169, 227001,
197800, 213158, 213178, 213178, 213158, 227002,
197816, 213189, 213190, 213190, 213189, 227003,
197832, 213201, 213202, 213202, 213201, 227004,
197848, 213213, 213214, 213214, 213213, 227005,
197864, 213225, 213226, 213226, 213225, 227006,
197880, 213237, 213238, 213238, 213237, 227007,
197896, 213249, 213250, 213250, 213249, 227008,
197912, 213261, 213262, 213262, 213261, 227009,
197928, 213273, 213274, 213274, 213273, 227003,
197944, 213226, 213284, 213284, 213226, 227006,
197960, 213295, 213296, 213296, 213295, 227010,
197976, 213284, 213225, 213225, 213284, 227006,
197992, 213274, 213189, 213189, 213274, 227003,
198008, 213323, 213324, 213324, 213323, 227011,
198024, 213335, 213336, 213336, 213335, 227012,
198040, 213347, 212917, 212917, 213347, 226990,
198056, 212928, 213356, 213356, 212928, 226991,
198072, 213367, 213368, 213368, 213367, 227013,
198088, 213238, 213378, 213378, 213238, 227007,
198104, 213389, 213390, 213390, 213389, 227014,
198120, 213401, 213347, 213347, 213401, 226990,
198136, 213336, 213410, 213410, 213336, 227012,
198152, 213421, 213422, 213422, 213421, 227015,
198168, 213422, 213432, 213432, 213422, 227015,
198184, 213443, 213444, 213444, 213443, 227016,
198200, 213455, 213456, 213456, 213455, 227017,
198216, 213467, 213455, 213455, 213467, 227017,
198232, 213477, 213478, 213478, 213477, 227018,
198248, 213489, 213477, 213477, 213489, 227018,
198264, 213499, 213500, 213500, 213499, 227012,
198280, 213410, 213499, 213499, 213410, 227012,
198296, 213519, 213421, 213421, 213519, 227015,
198312, 213529, 213519, 213519, 213529, 227015,
198328, 212962, 213538, 213538, 212962, 226993,
198344, 213549, 213550, 213550, 213549, 227019,
198360, 213561, 213562, 213562, 213561, 227020,
198376, 213573, 212961, 212961, 213573, 226993,
198392, 213324, 213582, 213582, 213324, 227011,
198408, 213593, 213594, 213594, 213593, 226999,
198424, 213605, 213606, 213606, 213605, 227021,
198440, 213617, 213618, 213618, 213617, 227019,
198456, 213629, 213630, 213630, 213629, 227022,
198472, 213641, 213642, 213642, 213641, 227023,
198488, 213653, 213654, 213654, 213653, 227024,
198504, 213665, 213549, 213549, 213665, 227019,
198520, 213562, 213674, 213674, 213562, 227020,
198536, 213685, 213665, 213665, 213685, 227019,
198552, 213654, 213694, 213694, 213654, 227024,
198568, 213705, 213706, 213706, 213705, 227025,
198584, 213717, 213718, 213718, 213717, 227002,
198600, 213729, 213717, 213717, 213729, 227002,
198616, 213706, 213738, 213738, 213706, 227025,
198632, 213749, 213750, 213750, 213749, 227026,
198648, 213750, 213760, 213760, 213750, 227026,
198664, 213771, 213641, 213641, 213771, 227023,
198680, 213674, 213780, 213780, 213674, 227020,
198696, 213738, 213705, 213705, 213738, 227025,
198712, 213694, 213653, 213653, 213694, 227024,
198728, 213642, 213771, 213771, 213642, 227023,
198744, 213760, 213749, 213749, 213760, 227026,
198760, 213780, 213822, 213822, 213780, 227020,
198776, 213550, 213617, 213617, 213550, 227019,
198792, 213606, 213840, 213840, 213606, 227021,
198808, 213822, 213561, 213561, 213822, 227020,
198824, 213859, 213860, 213860, 213859, 226992,
198840, 213860, 213870, 213870, 213860, 226992,
198856, 213881, 213882, 213882, 213881, 227027,
198872, 213893, 213894, 213894, 213893, 227028,
198888, 213905, 213881, 213881, 213905, 227027,
198904, 213618, 213685, 213685, 213618, 227019,
198920, 213718, 213922, 213922, 213718, 227002,
198936, 213922, 213157, 213157, 213922, 227002,
198952, 213941, 213942, 213942, 213941, 227029,
198968, 213953, 213629, 213629, 213953, 227022,
198984, 213894, 213962, 213962, 213894, 227028,
199000, 213973, 213941, 213941, 213973, 227029,
199016, 213146, 213169, 213169, 213146, 227001,
199032, 213178, 213729, 213729, 213178, 227002,
199048, 213999, 212949, 212949, 213999, 226992,
199064, 213870, 213999, 213999, 213870, 226992,
199080, 212950, 213859, 213859, 212950, 226992,
199096, 214025, 214026, 214026, 214025, 226996,
199112, 214037, 214038, 214038, 214037, 227030,
199128, 213538, 214048, 214048, 213538, 226993,
199144, 214026, 213037, 213037, 214026, 226996,
199160, 213026, 213007, 213007, 213026, 226995,
199176, 214075, 214037, 214037, 214075, 227030,
199192, 214048, 213573, 213573, 214048, 226993,
199208, 214093, 214094, 214094, 214093, 227031,
199224, 214105, 214106, 214106, 214105, 227032,
199240, 214117, 214118, 214118, 214117, 227033,
199256, 214129, 214130, 214130, 214129, 227034,
199272, 214141, 214117, 214117, 214141, 227033,
199288, 214106, 214150, 214150, 214106, 227032,
199304, 214161, 214129, 214129, 214161, 227034,
199320, 214118, 214141, 214141, 214118, 227033,
199336, 214179, 214093, 214093, 214179, 227031,
199352, 214130, 214161, 214161, 214130, 227034,
199368, 214150, 214105, 214105, 214150, 227032,
199384, 214094, 214179, 214179, 214094, 227031,
199400, 214213, 214214, 214214, 214213, 227035,
199416, 214225, 214226, 214226, 214225, 227036,
199432, 214226, 214236, 214236, 214226, 227036,
199448, 214247, 214248, 214248, 214247, 227037,
199464, 214248, 214258, 214258, 214248, 227037,
199480, 214269, 214270, 214270, 214269, 227038,
199496, 214270, 214280, 214280, 214270, 227038,
199512, 214291, 214213, 214213, 214291, 227035,
199528, 214301, 214302, 214302, 214301, 227039,
199544, 214313, 214314, 214314, 214313, 227040,
199560, 214325, 214326, 214326, 214325, 227041,
199576, 214337, 214338, 214338, 214337, 227042,
199592, 214349, 214325, 214325, 214349, 227041,
199608, 214314, 214358, 214358, 214314, 227040,
199624, 214369, 214337, 214337, 214369, 227042,
199640, 214326, 214349, 214349, 214326, 227041,
199656, 214387, 214301, 214301, 214387, 227039,
199672, 214338, 214369, 214369, 214338, 227042,
199688, 214358, 214313, 214313, 214358, 227040,
199704, 214302, 214387, 214387, 214302, 227039,
199720, 214421, 214269, 214269, 214421, 227038,
199736, 214258, 214430, 214430, 214258, 227037,
199752, 214430, 214440, 214440, 214430, 227037,
199768, 214451, 214452, 214452, 214451, 227043,
199784, 214452, 214462, 214462, 214452, 227043,
199800, 214473, 214474, 214474, 214473, 227044,
199816, 214474, 214484, 214484, 214474, 227044,
199832, 214495, 214421, 214421, 214495, 227038,
199848, 214505, 214506, 214506, 214505, 227045,
199864, 214517, 214518, 214518, 214517, 227046,
199880, 214529, 214530, 214530, 214529, 227047,
199896, 214541, 214542, 214542, 214541, 227048,
199912, 214553, 214529, 214529, 214553, 227047,
199928, 214518, 214562, 214562, 214518, 227046,
199944, 214573, 214541, 214541, 214573, 227048,
199960, 214530, 214553, 214553, 214530, 227047,
199976, 214591, 214505, 214505, 214591, 227045,
199992, 214542, 214573, 214573, 214542, 227048,
200008, 214562, 214517, 214517, 214562, 227046,
200024, 214506, 214591, 214591, 214506, 227045,
200040, 214625, 214473, 214473, 214625, 227044,
200056, 214462, 214634, 214634, 214462, 227043,
200072, 214634, 214644, 214644, 214634, 227043,
200088, 214655, 214656, 214656, 214655, 227049,
200104, 214656, 214666, 214666, 214656, 227049,
200120, 214677, 214678, 214678, 214677, 227050,
200136, 214678, 214688, 214688, 214678, 227050,
200152, 214699, 214625, 214625, 214699, 227044,
200168, 214440, 214247, 214247, 214440, 227037,
200184, 214236, 214716, 214716, 214236, 227036,
200200, 214727, 214655, 214655, 214727, 227049,
200216, 214644, 214451, 214451, 214644, 227043,
200232, 214745, 214291, 214291, 214745, 227035,
200248, 214280, 214495, 214495, 214280, 227038,
200264, 214484, 214699, 214699, 214484, 227044,
200280, 214688, 214770, 214770, 214688, 227050,
200296, 214781, 214225, 214225, 214781, 227036,
200312, 214214, 214790, 214790, 214214, 227035,
200328, 214801, 214727, 214727, 214801, 227049,
200344, 214716, 214781, 214781, 214716, 227036,
200360, 214819, 214677, 214677, 214819, 227050,
200376, 214666, 214801, 214801, 214666, 227049,
200392, 214790, 214745, 214745, 214790, 227035,
200408, 214770, 214819, 214819, 214770, 227050,
200424, 213296, 214852, 214852, 213296, 227010,
200440, 214863, 213295, 213295, 214863, 227010,
200456, 214873, 214863, 214863, 214873, 227010,
200472, 214852, 214873, 214873, 214852, 227010,
200488, 214891, 214892, 214892, 214891, 227008,
200504, 213250, 214891, 214891, 213250, 227008,
200520, 214911, 213061, 213061, 214911, 226998,
200536, 213084, 213593, 213593, 213084, 226999,
200552, 213582, 214928, 214928, 213582, 227011,
200568, 214939, 214911, 214911, 214939, 226998,
200584, 213102, 214025, 214025, 213102, 226996,
200600, 214957, 213113, 213113, 214957, 227000,
200616, 214038, 214966, 214966, 214038, 227030,
200632, 213114, 214957, 214957, 213114, 227000,
200648, 213594, 213125, 213125, 213594, 226999,
200664, 214966, 214992, 214992, 214966, 227030,
200680, 215003, 215004, 215004, 215003, 227014,
200696, 215004, 213389, 213389, 215004, 227014,
200712, 213378, 213237, 213237, 213378, 227007,
200728, 212986, 213025, 213025, 212986, 226995,
200744, 213134, 214939, 214939, 213134, 226998,
200760, 214928, 215046, 215046, 214928, 227011,
200776, 213390, 215056, 215056, 213390, 227014,
200792, 215056, 215003, 215003, 215056, 227014,
200808, 214992, 214075, 214075, 214992, 227030,
200824, 215083, 215084, 215084, 215083, 227051,
200840, 215095, 213261, 213261, 215095, 227009,
200856, 214892, 215104, 215104, 214892, 227008,
200872, 215104, 213249, 213249, 215104, 227008,
200888, 215046, 213323, 213323, 215046, 227011,
200904, 215131, 213443, 213443, 215131, 227016,
200920, 215141, 215142, 215142, 215141, 227052,
200936, 215153, 215154, 215154, 215153, 227053,
200952, 215142, 215164, 215164, 215142, 227052,
200968, 215175, 215153, 215153, 215175, 227053,
200984, 215185, 215175, 215175, 215185, 227053,
201000, 213190, 215194, 215194, 213190, 227003,
201016, 215205, 215206, 215206, 215205, 227051,
201032, 215217, 215218, 215218, 215217, 227054,
201048, 215229, 215217, 215217, 215229, 227054,
201064, 215239, 215229, 215229, 215239, 227054,
201080, 215164, 215248, 215248, 215164, 227052,
201096, 213432, 213529, 213529, 213432, 227015,
201112, 213456, 215266, 215266, 213456, 227017,
201128, 215277, 215278, 215278, 215277, 227004,
201144, 215289, 213213, 213213, 215289, 227005,
201160, 215266, 215298, 215298, 215266, 227017,
201176, 215309, 215277, 215277, 215309, 227004,
201192, 213202, 215309, 215309, 213202, 227004,
201208, 215327, 215328, 215328, 215327, 227055,
201224, 215339, 212939, 212939, 215339, 226991,
201240, 215349, 213489, 213489, 215349, 227018,
201256, 213500, 213335, 213335, 213500, 227012,
201272, 213368, 215366, 215366, 213368, 227013,
201288, 215366, 213367, 213367, 215366, 227013,
201304, 213356, 215339, 215339, 213356, 226991,
201320, 215328, 215392, 215392, 215328, 227055,
201336, 212872, 212861, 212861, 212872, 226988,
201352, 212894, 212883, 212883, 212894, 226989,
201368, 215419, 215349, 215349, 215419, 227018,
201384, 215392, 215327, 215327, 215392, 227055,
201400, 215437, 215438, 215438, 215437, 227056,
201416, 215449, 215450, 215450, 215449, 227057,
201432, 215461, 215462, 215462, 215461, 227058,
201448, 215473, 215474, 215474, 215473, 227059,
201464, 215485, 215461, 215461, 215485, 227058,
201480, 215450, 215494, 215494, 215450, 227057,
201496, 215505, 215473, 215473, 215505, 227059,
201512, 215462, 215485, 215485, 215462, 227058,
201528, 215523, 215437, 215437, 215523, 227056,
201544, 215474, 215505, 215505, 215474, 227059,
201560, 215494, 215449, 215449, 215494, 227057,
201576, 215438, 215523, 215523, 215438, 227056,
201592, 215557, 215558, 215558, 215557, 227060,
201608, 215569, 215570, 215570, 215569, 227061,
201624, 215570, 215580, 215580, 215570, 227061,
201640, 215591, 215592, 215592, 215591, 227062,
201656, 215592, 215602, 215602, 215592, 227062,
201672, 215613, 215614, 215614, 215613, 227063,
201688, 215614, 215624, 215624, 215614, 227063,
201704, 215635, 215557, 215557, 215635, 227060,
201720, 215645, 215646, 215646, 215645, 227064,
201736, 215657, 215658, 215658, 215657, 227065,
201752, 215669, 215670, 215670, 215669, 227066,
201768, 215681, 215682, 215682, 215681, 227067,
201784, 215693, 215669, 215669, 215693, 227066,
201800, 215658, 215702, 215702, 215658, 227065,
201816, 215670, 215693, 215693, 215670, 227066,
201832, 215721, 215681, 215681, 215721, 227067,
201848, 215731, 215645, 215645, 215731, 227064,
201864, 215682, 215721, 215721, 215682, 227067,
201880, 215646, 215731, 215731, 215646, 227064,
201896, 215702, 215657, 215657, 215702, 227065,
201912, 215765, 215766, 215766, 215765, 227068,
201928, 215777, 215778, 215778, 215777, 227069,
201944, 215778, 215788, 215788, 215778, 227069,
201960, 215799, 215800, 215800, 215799, 227070,
201976, 215800, 215810, 215810, 215800, 227070,
201992, 215821, 215822, 215822, 215821, 227071,
202008, 215822, 215832, 215832, 215822, 227071,
202024, 215843, 215765, 215765, 215843, 227068,
202040, 215853, 215854, 215854, 215853, 227072,
202056, 215865, 215866, 215866, 215865, 227073,
202072, 215877, 215878, 215878, 215877, 227074,
202088, 215889, 215890, 215890, 215889, 227075,
202104, 215901, 215877, 215877, 215901, 227074,
202120, 215866, 215910, 215910, 215866, 227073,
202136, 215921, 215889, 215889, 215921, 227075,
202152, 215878, 215901, 215901, 215878, 227074,
202168, 215939, 215853, 215853, 215939, 227072,
202184, 215890, 215921, 215921, 215890, 227075,
202200, 215910, 215865, 215865, 215910, 227073,
202216, 215854, 215939, 215939, 215854, 227072,
202232, 215973, 215821, 215821, 215973, 227071,
202248, 215810, 215982, 215982, 215810, 227070,
202264, 215982, 215992, 215992, 215982, 227070,
202280, 216003, 216004, 216004, 216003, 227076,
202296, 216004, 216014, 216014, 216004, 227076,
202312, 216025, 216026, 216026, 216025, 227077,
202328, 216026, 216036, 216036, 216026, 227077,
202344, 216047, 215973, 215973, 216047, 227071,
202360, 216057, 216058, 216058, 216057, 227078,
202376, 216069, 216070, 216070, 216069, 227079,
202392, 216081, 216082, 216082, 216081, 227080,
202408, 216093, 216094, 216094, 216093, 227081,
202424, 216105, 216081, 216081, 216105, 227080,
202440, 216070, 216114, 216114, 216070, 227079,
202456, 216125, 216093, 216093, 216125, 227081,
202472, 216082, 216105, 216105, 216082, 227080,
202488, 216143, 216057, 216057, 216143, 227078,
202504, 216094, 216125, 216125, 216094, 227081,
202520, 216114, 216069, 216069, 216114, 227079,
202536, 216058, 216143, 216143, 216058, 227078,
202552, 216177, 216025, 216025, 216177, 227077,
202568, 216014, 216186, 216186, 216014, 227076,
202584, 216186, 216196, 216196, 216186, 227076,
202600, 216207, 216208, 216208, 216207, 227061,
202616, 216208, 215569, 215569, 216208, 227061,
202632, 215558, 216226, 216226, 215558, 227060,
202648, 216226, 216236, 216236, 216226, 227060,
202664, 216247, 216177, 216177, 216247, 227077,
202680, 215992, 215799, 215799, 215992, 227070,
202696, 215788, 216264, 216264, 215788, 227069,
202712, 216196, 216003, 216003, 216196, 227076,
202728, 216283, 216207, 216207, 216283, 227061,
202744, 216293, 215843, 215843, 216293, 227068,
202760, 215832, 216047, 216047, 215832, 227071,
202776, 216236, 216310, 216310, 216236, 227060,
202792, 216036, 216247, 216247, 216036, 227077,
202808, 216264, 216328, 216328, 216264, 227069,
202824, 216339, 215591, 215591, 216339, 227062,
202840, 215580, 216283, 216283, 215580, 227061,
202856, 216357, 216293, 216293, 216357, 227068,
202872, 216310, 215635, 215635, 216310, 227060,
202888, 215624, 216374, 216374, 215624, 227063,
202904, 216328, 215777, 215777, 216328, 227069,
202920, 215766, 216357, 216357, 215766, 227068,
202936, 216401, 216339, 216339, 216401, 227062,
202952, 216411, 215613, 215613, 216411, 227063,
202968, 215602, 216401, 216401, 215602, 227062,
202984, 216374, 216411, 216411, 216374, 227063,
203000, 215298, 213467, 213467, 215298, 227017,
203016, 213478, 215419, 215419, 213478, 227018,
203032, 212906, 213401, 213401, 212906, 226990,
203048, 216461, 216462, 216462, 216461, 227082,
203064, 216473, 216474, 216474, 216473, 227083,
203080, 216474, 216484, 216484, 216474, 227083,
203096, 216495, 216496, 216496, 216495, 227084,
203112, 216507, 216508, 216508, 216507, 227085,
203128, 216519, 216461, 216461, 216519, 227082,
203144, 216496, 216528, 216528, 216496, 227084,
203160, 216539, 216540, 216540, 216539, 227086,
203176, 216540, 216550, 216550, 216540, 227086,
203192, 216561, 216562, 216562, 216561, 227087,
203208, 216573, 216574, 216574, 216573, 227088,
203224, 216562, 216584, 216584, 216562, 227087,
203240, 216595, 216596, 216596, 216595, 227089,
203256, 216607, 216608, 216608, 216607, 227090,
203272, 216596, 216618, 216618, 216596, 227089,
203288, 216629, 216630, 216630, 216629, 227091,
203304, 216630, 216640, 216640, 216630, 227091,
203320, 216651, 216652, 216652, 216651, 227092,
203336, 216663, 216573, 216573, 216663, 227088,
203352, 216652, 216672, 216672, 216652, 227092,
203368, 216683, 216607, 216607, 216683, 227090,
203384, 216693, 216694, 216694, 216693, 227093,
203400, 216694, 216704, 216704, 216694, 227093,
203416, 210600, 216714, 216714, 210600, 226937,
203432, 216574, 216663, 216663, 216574, 227088,
203448, 216672, 216651, 216651, 216672, 227092,
203464, 216741, 216539, 216539, 216741, 227086,
203480, 216640, 216629, 216629, 216640, 227091,
203496, 216618, 216758, 216758, 216618, 227089,
203512, 216462, 216768, 216768, 216462, 227082,
203528, 216758, 216778, 216778, 216758, 227089,
203544, 216789, 216473, 216473, 216789, 227083,
203560, 216799, 216741, 216741, 216799, 227086,
203576, 216768, 216808, 216808, 216768, 227082,
203592, 216819, 216789, 216789, 216819, 227083,
203608, 216778, 216595, 216595, 216778, 227089,
203624, 216837, 216561, 216561, 216837, 227087,
203640, 216550, 216799, 216799, 216550, 227086,
203656, 216808, 216519, 216519, 216808, 227082,
203672, 216508, 216862, 216862, 216508, 227085,
203688, 216873, 216495, 216495, 216873, 227084,
203704, 216484, 216819, 216819, 216484, 227083,
203720, 216891, 216892, 216892, 216891, 227094,
203736, 216704, 216693, 216693, 216704, 227093,
203752, 216608, 216683, 216683, 216608, 227090,
203768, 216919, 216891, 216891, 216919, 227094,
203784, 216929, 216919, 216919, 216929, 227094,
203800, 216714, 216938, 216938, 216714, 226937,
203816, 216949, 216929, 216929, 216949, 227094,
203832, 216938, 212369, 212369, 216938, 226937,
203848, 216892, 216949, 216949, 216892, 227094,
203864, 216975, 216873, 216873, 216975, 227084,
203880, 216862, 216984, 216984, 216862, 227085,
203896, 216995, 216837, 216837, 216995, 227087,
203912, 216584, 216995, 216995, 216584, 227087,
203928, 217013, 216507, 216507, 217013, 227085,
203944, 216984, 217013, 217013, 216984, 227085,
203960, 216528, 216975, 216975, 216528, 227084,
203976, 217039, 217040, 217040, 217039, 227095,
203992, 217051, 217052, 217052, 217051, 227096,
204008, 217052, 217062, 217062, 217052, 227096,
204024, 217073, 210579, 210579, 217073, 226936,
204040, 210686, 217082, 217082, 210686, 226934,
204056, 217093, 217039, 217039, 217093, 227095,
204072, 217040, 217093, 217093, 217040, 227095,
204088, 217082, 210523, 210523, 217082, 226934,
204104, 210548, 217073, 217073, 210548, 226936,
204120, 217062, 217051, 217051, 217062, 227096,
204136, 210588, 217134, 217134, 210588, 226932,
204152, 217145, 217146, 217146, 217145, 227097,
204168, 217146, 217156, 217156, 217146, 227097,
204184, 217167, 217168, 217168, 217167, 227098,
204200, 217168, 217178, 217178, 217168, 227098,
204216, 217189, 210513, 210513, 217189, 226933,
204232, 217156, 217145, 217145, 217156, 227097,
204248, 217134, 210479, 210479, 217134, 226932,
204264, 210492, 217189, 217189, 210492, 226933,
204280, 217178, 217167, 217167, 217178, 227098,
204296, 217231, 217232, 217232, 217231, 227099,
204312, 217243, 217244, 217244, 217243, 227100,
204328, 217255, 217256, 217256, 217255, 227101,
204344, 217267, 217231, 217231, 217267, 227099,
204360, 217244, 217276, 217276, 217244, 227100,
204376, 217287, 217288, 217288, 217287, 227102,
204392, 217299, 217255, 217255, 217299, 227101,
204408, 217309, 217310, 217310, 217309, 227103,
204424, 217321, 217322, 217322, 217321, 227104,
204440, 217333, 217309, 217309, 217333, 227103,
204456, 217343, 217344, 217344, 217343, 227105,
204472, 217355, 217321, 217321, 217355, 227104,
204488, 217365, 217366, 217366, 217365, 227106,
204504, 217377, 217378, 217378, 217377, 227107,
204520, 217389, 217390, 217390, 217389, 227108,
204536, 217401, 217365, 217365, 217401, 227106,
204552, 217411, 217389, 217389, 217411, 227108,
204568, 217421, 217422, 217422, 217421, 227109,
204584, 217344, 217432, 217432, 217344, 227105,
204600, 217443, 217421, 217421, 217443, 227109,
204616, 217378, 217452, 217452, 217378, 227107,
204632, 217463, 217464, 217464, 217463, 227110,
204648, 217475, 217463, 217463, 217475, 227110,
204664, 217485, 215131, 215131, 217485, 227016,
204680, 217432, 217343, 217343, 217432, 227105,
204696, 217422, 217443, 217443, 217422, 227109,
204712, 217310, 217510, 217510, 217310, 227103,
204728, 217521, 217401, 217401, 217521, 227106,
204744, 217390, 217411, 217411, 217390, 227108,
204760, 217232, 217538, 217538, 217232, 227099,
204776, 217549, 217521, 217521, 217549, 227106,
204792, 217559, 217243, 217243, 217559, 227100,
204808, 217569, 217559, 217559, 217569, 227100,
204824, 217510, 217578, 217578, 217510, 227103,
204840, 217366, 217549, 217549, 217366, 227106,
204856, 217538, 217596, 217596, 217538, 227099,
204872, 217607, 217287, 217287, 217607, 227102,
204888, 217276, 217569, 217569, 217276, 227100,
204904, 217578, 217333, 217333, 217578, 227103,
204920, 217322, 217632, 217632, 217322, 227104,
204936, 217643, 217644, 217644, 217643, 227111,
204952, 217596, 217267, 217267, 217596, 227099,
204968, 217256, 217662, 217662, 217256, 227101,
204984, 217464, 217475, 217475, 217464, 227110,
205000, 217452, 217377, 217377, 217452, 227107,
205016, 217644, 217688, 217688, 217644, 227111,
205032, 217699, 217485, 217485, 217699, 227016,
205048, 217688, 217708, 217708, 217688, 227111,
205064, 213444, 217699, 217699, 213444, 227016,
205080, 217708, 217726, 217726, 217708, 227111,
205096, 217662, 217736, 217736, 217662, 227101,
205112, 217726, 217643, 217643, 217726, 227111,
205128, 217632, 217754, 217754, 217632, 227104,
205144, 217765, 217607, 217607, 217765, 227102,
205160, 217754, 217355, 217355, 217754, 227104,
205176, 217288, 217782, 217782, 217288, 227102,
205192, 217782, 217765, 217765, 217782, 227102,
205208, 217736, 217299, 217299, 217736, 227101,
205224, 217809, 217810, 217810, 217809, 227112,
205240, 217821, 217822, 217822, 217821, 227113,
205256, 215154, 217832, 217832, 215154, 227053,
205272, 217843, 217809, 217809, 217843, 227112,
205288, 217822, 217852, 217852, 217822, 227113,
205304, 217863, 215083, 215083, 217863, 227051,
205320, 217810, 217843, 217843, 217810, 227112,
205336, 217832, 215185, 215185, 217832, 227053,
205352, 215206, 217863, 217863, 215206, 227051,
205368, 217852, 217821, 217821, 217852, 227113,
205384, 217905, 217906, 217906, 217905, 227114,
205400, 217917, 215141, 215141, 217917, 227052,
205416, 217927, 217928, 217928, 217927, 227115,
205432, 217939, 217905, 217905, 217939, 227114,
205448, 215218, 217948, 217948, 215218, 227054,
205464, 217959, 217927, 217927, 217959, 227115,
205480, 217928, 217959, 217959, 217928, 227115,
205496, 217948, 215239, 215239, 217948, 227054,
205512, 215248, 217917, 217917, 215248, 227052,
205528, 217906, 217939, 217939, 217906, 227114,
205544, 218001, 218002, 218002, 218001, 227116,
205560, 218013, 218014, 218014, 218013, 227117,
205576, 218025, 218026, 218026, 218025, 227118,
205592, 218037, 218001, 218001, 218037, 227116,
205608, 218047, 218048, 218048, 218047, 227119,
205624, 218059, 218025, 218025, 218059, 227118,
205640, 218014, 218068, 218068, 218014, 227117,
205656, 218079, 218047, 218047, 218079, 227119,
205672, 218089, 218090, 218090, 218089, 227120,
205688, 218101, 218102, 218102, 218101, 227121,
205704, 218113, 218114, 218114, 218113, 227122,
205720, 218125, 218126, 218126, 218125, 227123,
205736, 218048, 218079, 218079, 218048, 227119,
205752, 218068, 218013, 218013, 218068, 227117,
205768, 218002, 218037, 218037, 218002, 227116,
205784, 218026, 218059, 218059, 218026, 227118,
205800, 218090, 218168, 218168, 218090, 227120,
205816, 218179, 218125, 218125, 218179, 227123,
205832, 218114, 218188, 218188, 218114, 227122,
205848, 218199, 218101, 218101, 218199, 227121,
205864, 218102, 218199, 218199, 218102, 227121,
205880, 218188, 218113, 218113, 218188, 227122,
205896, 218126, 218179, 218179, 218126, 227123,
205912, 218168, 218089, 218089, 218168, 227120,
205928, 218241, 218242, 218242, 218241, 227124,
205944, 218253, 218254, 218254, 218253, 227125,
205960, 218265, 218266, 218266, 218265, 227126,
205976, 218277, 218241, 218241, 218277, 227124,
205992, 218287, 218288, 218288, 218287, 227127,
206008, 218299, 218265, 218265, 218299, 227126,
206024, 218254, 218308, 218308, 218254, 227125,
206040, 218319, 218287, 218287, 218319, 227127,
206056, 218329, 218330, 218330, 218329, 227128,
206072, 218341, 218342, 218342, 218341, 227129,
206088, 218353, 218354, 218354, 218353, 227130,
206104, 218365, 218366, 218366, 218365, 227131,
206120, 218288, 218319, 218319, 218288, 227127,
206136, 218308, 218253, 218253, 218308, 227125,
206152, 218242, 218277, 218277, 218242, 227124,
206168, 218266, 218299, 218299, 218266, 227126,
206184, 218330, 218408, 218408, 218330, 227128,
206200, 218419, 218365, 218365, 218419, 227131,
206216, 218354, 218428, 218428, 218354, 227130,
206232, 218439, 218341, 218341, 218439, 227129,
206248, 218342, 218439, 218439, 218342, 227129,
206264, 218428, 218353, 218353, 218428, 227130,
206280, 218366, 218419, 218419, 218366, 227131,
206296, 218408, 218329, 218329, 218408, 227128,
206312, 218481, 218482, 218482, 218481, 227132,
206328, 218493, 218494, 218494, 218493, 227133,
206344, 218505, 218506, 218506, 218505, 227134,
206360, 218517, 218481, 218481, 218517, 227132,
206376, 218527, 218528, 218528, 218527, 227135,
206392, 218539, 218505, 218505, 218539, 227134,
206408, 218494, 218548, 218548, 218494, 227133,
206424, 218559, 218527, 218527, 218559, 227135,
206440, 218569, 218570, 218570, 218569, 227136,
206456, 218581, 218582, 218582, 218581, 227137,
206472, 218593, 218594, 218594, 218593, 227138,
206488, 218605, 218606, 218606, 218605, 227139,
206504, 218528, 218559, 218559, 218528, 227135,
206520, 218548, 218493, 218493, 218548, 227133,
206536, 218482, 218517, 218517, 218482, 227132,
206552, 218506, 218539, 218539, 218506, 227134,
206568, 218570, 218648, 218648, 218570, 227136,
206584, 218659, 218605, 218605, 218659, 227139,
206600, 218594, 218668, 218668, 218594, 227138,
206616, 218679, 218581, 218581, 218679, 227137,
206632, 218582, 218679, 218679, 218582, 227137,
206648, 218668, 218593, 218593, 218668, 227138,
206664, 218606, 218659, 218659, 218606, 227139,
206680, 218648, 218569, 218569, 218648, 227136,
206696, 218721, 218722, 218722, 218721, 227140,
206712, 218733, 218734, 218734, 218733, 227141,
206728, 218745, 218746, 218746, 218745, 227142,
206744, 218757, 218721, 218721, 218757, 227140,
206760, 218767, 218768, 218768, 218767, 227143,
206776, 218779, 218745, 218745, 218779, 227142,
206792, 218734, 218788, 218788, 218734, 227141,
206808, 218799, 218767, 218767, 218799, 227143,
206824, 218809, 218810, 218810, 218809, 227144,
206840, 218821, 218822, 218822, 218821, 227145,
206856, 218833, 218834, 218834, 218833, 227146,
206872, 218845, 218846, 218846, 218845, 227147,
206888, 218768, 218799, 218799, 218768, 227143,
206904, 218788, 218733, 218733, 218788, 227141,
206920, 218722, 218757, 218757, 218722, 227140,
206936, 218746, 218779, 218779, 218746, 227142,
206952, 218810, 218888, 218888, 218810, 227144,
206968, 218899, 218845, 218845, 218899, 227147,
206984, 218834, 218908, 218908, 218834, 227146,
207000, 218919, 218821, 218821, 218919, 227145,
207016, 218822, 218919, 218919, 218822, 227145,
207032, 218908, 218833, 218833, 218908, 227146,
207048, 218846, 218899, 218899, 218846, 227147,
207064, 218888, 218809, 218809, 218888, 227144,
207080, 218961, 218962, 218962, 218961, 227148,
207096, 218973, 218974, 218974, 218973, 227149,
207112, 218974, 218984, 218984, 218974, 227149,
207128, 218995, 218996, 218996, 218995, 227150,
207144, 218996, 219006, 219006, 218996, 227150,
207160, 219017, 219018, 219018, 219017, 227151,
207176, 219018, 219028, 219028, 219018, 227151,
207192, 219039, 218961, 218961, 219039, 227148,
207208, 219049, 219050, 219050, 219049, 227152,
207224, 219061, 219062, 219062, 219061, 227153,
207240, 219073, 219074, 219074, 219073, 227154,
207256, 219085, 219086, 219086, 219085, 227155,
207272, 219006, 218995, 218995, 219006, 227150,
207288, 218984, 218973, 218973, 218984, 227149,
207304, 218962, 219039, 219039, 218962, 227148,
207320, 219028, 219017, 219017, 219028, 227151,
207336, 219050, 219128, 219128, 219050, 227152,
207352, 219139, 219085, 219085, 219139, 227155,
207368, 219074, 219148, 219148, 219074, 227154,
207384, 219159, 219061, 219061, 219159, 227153,
207400, 219086, 219139, 219139, 219086, 227155,
207416, 219128, 219049, 219049, 219128, 227152,
207432, 219062, 219159, 219159, 219062, 227153,
207448, 219148, 219073, 219073, 219148, 227154,
207464, 219201, 219202, 219202, 219201, 227156,
207480, 219213, 219214, 219214, 219213, 227157,
207496, 219214, 219224, 219224, 219214, 227157,
207512, 219235, 219236, 219236, 219235, 227158,
207528, 219236, 219246, 219246, 219236, 227158,
207544, 219257, 219258, 219258, 219257, 227159,
207560, 219258, 219268, 219268, 219258, 227159,
207576, 219279, 219201, 219201, 219279, 227156,
207592, 219289, 219290, 219290, 219289, 227160,
207608, 219301, 219302, 219302, 219301, 227161,
207624, 219313, 219314, 219314, 219313, 227162,
207640, 219325, 219326, 219326, 219325, 227163,
207656, 219246, 219235, 219235, 219246, 227158,
207672, 219224, 219213, 219213, 219224, 227157,
207688, 219202, 219279, 219279, 219202, 227156,
207704, 219268, 219257, 219257, 219268, 227159,
207720, 219290, 219368, 219368, 219290, 227160,
207736, 219379, 219325, 219325, 219379, 227163,
207752, 219314, 219388, 219388, 219314, 227162,
207768, 219399, 219301, 219301, 219399, 227161,
207784, 219326, 219379, 219379, 219326, 227163,
207800, 219368, 219289, 219289, 219368, 227160,
207816, 219302, 219399, 219399, 219302, 227161,
207832, 219388, 219313, 219313, 219388, 227162,
207848, 219441, 219442, 219442, 219441, 227164,
207864, 219453, 219454, 219454, 219453, 227165,
207880, 219454, 219464, 219464, 219454, 227165,
207896, 219475, 219476, 219476, 219475, 227166,
207912, 219476, 219486, 219486, 219476, 227166,
207928, 219497, 219498, 219498, 219497, 227167,
207944, 219498, 219508, 219508, 219498, 227167,
207960, 219519, 219441, 219441, 219519, 227164,
207976, 219529, 219530, 219530, 219529, 227168,
207992, 219541, 219542, 219542, 219541, 227169,
208008, 219553, 219554, 219554, 219553, 227170,
208024, 219565, 219566, 219566, 219565, 227171,
208040, 219486, 219475, 219475, 219486, 227166,
208056, 219464, 219453, 219453, 219464, 227165,
208072, 219442, 219519, 219519, 219442, 227164,
208088, 219508, 219497, 219497, 219508, 227167,
208104, 219530, 219608, 219608, 219530, 227168,
208120, 219619, 219565, 219565, 219619, 227171,
208136, 219554, 219628, 219628, 219554, 227170,
208152, 219639, 219541, 219541, 219639, 227169,
208168, 219566, 219619, 219619, 219566, 227171,
208184, 219608, 219529, 219529, 219608, 227168,
208200, 219542, 219639, 219639, 219542, 227169,
208216, 219628, 219553, 219553, 219628, 227170,
208232, 219681, 219682, 219682, 219681, 227172,
208248, 219693, 219694, 219694, 219693, 227173,
208264, 219694, 219704, 219704, 219694, 227173,
208280, 219715, 219716, 219716, 219715, 227174,
208296, 219716, 219726, 219726, 219716, 227174,
208312, 219737, 219738, 219738, 219737, 227175,
208328, 219738, 219748, 219748, 219738, 227175,
208344, 219759, 219681, 219681, 219759, 227172,
208360, 219769, 219770, 219770, 219769, 227176,
208376, 219781, 219782, 219782, 219781, 227177,
208392, 219793, 219794, 219794, 219793, 227178,
208408, 219805, 219806, 219806, 219805, 227179,
208424, 219726, 219715, 219715, 219726, 227174,
208440, 219704, 219693, 219693, 219704, 227173,
208456, 219682, 219759, 219759, 219682, 227172,
208472, 219748, 219737, 219737, 219748, 227175,
208488, 219770, 219848, 219848, 219770, 227176,
208504, 219859, 219805, 219805, 219859, 227179,
208520, 219794, 219868, 219868, 219794, 227178,
208536, 219879, 219781, 219781, 219879, 227177,
208552, 219806, 219859, 219859, 219806, 227179,
208568, 219848, 219769, 219769, 219848, 227176,
208584, 219782, 219879, 219879, 219782, 227177,
208600, 219868, 219793, 219793, 219868, 227178,
208616, 219921, 219922, 219922, 219921, 227180,
208632, 219933, 219934, 219934, 219933, 227181,
208648, 219945, 219946, 219946, 219945, 227182,
208664, 219957, 219958, 219958, 219957, 227183,
208680, 219934, 219968, 219968, 219934, 227181,
208696, 219979, 219980, 219980, 219979, 227184,
208712, 219991, 219992, 219992, 219991, 227185,
208728, 220003, 219921, 219921, 220003, 227180,
208744, 220013, 219991, 219991, 220013, 227185,
208760, 219980, 220022, 220022, 219980, 227184,
208776, 220033, 220003, 220003, 220033, 227180,
208792, 219992, 220013, 220013, 219992, 227185,
208808, 220022, 219979, 219979, 220022, 227184,
208824, 219968, 220058, 220058, 219968, 227181,
208840, 220069, 219933, 219933, 220069, 227181,
208856, 212228, 211999, 211999, 212228, 226980,
208872, 220058, 220069, 220069, 220058, 227181,
208888, 219922, 220094, 220094, 219922, 227180,
208904, 220094, 220033, 220033, 220094, 227180,
208920, 213840, 213605, 213605, 213840, 227021,
208936, 219958, 220120, 220120, 219958, 227183,
208952, 220131, 219945, 219945, 220131, 227182,
208968, 213962, 213893, 213893, 213962, 227028,
208984, 213882, 213905, 213905, 213882, 227027,
209000, 213630, 213953, 213953, 213630, 227022,
209016, 213942, 213973, 213973, 213942, 227029,
209032, 211882, 212211, 212211, 211882, 226976,
209048, 211858, 211893, 211893, 211858, 226974,
209064, 211938, 211959, 211959, 211938, 226978,
209080, 211948, 211869, 211869, 211948, 226975,
209096, 215084, 215205, 215205, 215084, 227051,
209112, 215194, 213273, 213273, 215194, 227003,
209128, 213262, 215095, 215095, 213262, 227009,
209144, 210436, 212571, 212571, 210436, 226930,
209160, 212560, 210447, 210447, 212560, 226929,
209176, 215278, 213201, 213201, 215278, 227004,
209192, 213214, 215289, 215289, 213214, 227005,
209208, 219946, 220131, 220131, 219946, 227182,
209224, 220120, 219957, 219957, 220120, 227183,
