49096, 66757, 66758, 66758, 66757, 84414,
49112, 66769, 66770, 66770, 66769, 84415,
49128, 66781, 66782, 66782, 66781, 84416,
49144, 66793, 66794, 66794, 66793, 84417,
49160, 66805, 66806, 66806, 66805, 84418,
49176, 66817, 66793, 66793, 66817, 84417,
49192, 66827, 66805, 66805, 66827, 84418,
49208, 66837, 66838, 66838, 66837, 84419,
49224, 66849, 66850, 66850, 66849, 84420,
49240, 66794, 66860, 66860, 66794, 84417,
49256, 66871, 66872, 66872, 66871, 84421,
49272, 66883, 66837, 66837, 66883, 84419,
49288, 66893, 66894, 66894, 66893, 84422,
49304, 66905, 66827, 66827, 66905, 84418,
49320, 66850, 66914, 66914, 66850, 84420,
49336, 66872, 66924, 66924, 66872, 84421,
49352, 66935, 66936, 66936, 66935, 84423,
49368, 66947, 66883, 66883, 66947, 84419,
49384, 66957, 66958, 66958, 66957, 84424,
49400, 66969, 66970, 66970, 66969, 84425,
49416, 66981, 66893, 66893, 66981, 84422,
49432, 66991, 66992, 66992, 66991, 84426,
49448, 66914, 67002, 67002, 66914, 84420,
49464, 67013, 66935, 66935, 67013, 84423,
49480, 66924, 67022, 67022, 66924, 84421,
49496, 67022, 67032, 67032, 67022, 84421,
49512, 67043, 67044, 67044, 67043, 84422,
49528, 67044, 66981, 66981, 67044, 84422,
49544, 66970, 67062, 67062, 66970, 84425,
49560, 67062, 67072, 67072, 67062, 84425,
49576, 67083, 67013, 67013, 67083, 84423,
49592, 67093, 67094, 67094, 67093, 84427,
49608, 67105, 67106, 67106, 67105, 84428,
49624, 67117, 67118, 67118, 67117, 84429,
49640, 67129, 67093, 67093, 67129, 84427,
49656, 67139, 67140, 67140, 67139, 84430,
49672, 67151, 67117, 67117, 67151, 84429,
49688, 67106, 67160, 67160, 67106, 84428,
49704, 67171, 67139, 67139, 67171, 84430,
49720, 67118, 67151, 67151, 67118, 84429,
49736, 67140, 67171, 67171, 67140, 84430,
49752, 67160, 67105, 67105, 67160, 84428,
49768, 67094, 67129, 67129, 67094, 84427,
49784, 67213, 66957, 66957, 67213, 84424,
49800, 66936, 67222, 67222, 66936, 84423,
49816, 67222, 67083, 67083, 67222, 84423,
49832, 67072, 67240, 67240, 67072, 84425,
49848, 67240, 66969, 66969, 67240, 84425,
49864, 66992, 67258, 67258, 66992, 84426,
49880, 67258, 67268, 67268, 67258, 84426,
49896, 67279, 67213, 67213, 67279, 84424,
49912, 67289, 67290, 67290, 67289, 84431,
49928, 67301, 67302, 67302, 67301, 84432,
49944, 67313, 67314, 67314, 67313, 84433,
49960, 67325, 67289, 67289, 67325, 84431,
49976, 67335, 67336, 67336, 67335, 84434,
49992, 67347, 67313, 67313, 67347, 84433,
50008, 67302, 67356, 67356, 67302, 84432,
50024, 67367, 67335, 67335, 67367, 84434,
50040, 67314, 67347, 67347, 67314, 84433,
50056, 67336, 67367, 67367, 67336, 84434,
50072, 67356, 67301, 67301, 67356, 84432,
50088, 67290, 67325, 67325, 67290, 84431,
50104, 67409, 66947, 66947, 67409, 84419,
50120, 66958, 67418, 67418, 66958, 84424,
50136, 67418, 67279, 67279, 67418, 84424,
50152, 67268, 67436, 67436, 67268, 84426,
50168, 67436, 66991, 66991, 67436, 84426,
50184, 67002, 67454, 67454, 67002, 84420,
50200, 67454, 66849, 66849, 67454, 84420,
50216, 66838, 67409, 67409, 66838, 84419,
50232, 67481, 67482, 67482, 67481, 84435,
50248, 67493, 67494, 67494, 67493, 84436,
50264, 67505, 67506, 67506, 67505, 84437,
50280, 67517, 67481, 67481, 67517, 84435,
50296, 67527, 67528, 67528, 67527, 84438,
50312, 67539, 67505, 67505, 67539, 84437,
50328, 67494, 67548, 67548, 67494, 84436,
50344, 67559, 67527, 67527, 67559, 84438,
50360, 67506, 67539, 67539, 67506, 84437,
50376, 67528, 67559, 67559, 67528, 84438,
50392, 67548, 67493, 67493, 67548, 84436,
50408, 67482, 67517, 67517, 67482, 84435,
50424, 67601, 66871, 66871, 67601, 84421,
50440, 66860, 67610, 67610, 66860, 84417,
50456, 67610, 66817, 66817, 67610, 84417,
50472, 66806, 67628, 67628, 66806, 84418,
50488, 67628, 66905, 66905, 67628, 84418,
50504, 66894, 67646, 67646, 66894, 84422,
50520, 67646, 67043, 67043, 67646, 84422,
50536, 67032, 67601, 67601, 67032, 84421,
50552, 67673, 67674, 67674, 67673, 84439,
50568, 67685, 67686, 67686, 67685, 84440,
50584, 67697, 67698, 67698, 67697, 84441,
50600, 67709, 67673, 67673, 67709, 84439,
50616, 67719, 67720, 67720, 67719, 84442,
50632, 67731, 67697, 67697, 67731, 84441,
50648, 67686, 67740, 67740, 67686, 84440,
50664, 67751, 67719, 67719, 67751, 84442,
50680, 67698, 67731, 67731, 67698, 84441,
50696, 67720, 67751, 67751, 67720, 84442,
50712, 67740, 67685, 67685, 67740, 84440,
50728, 67674, 67709, 67709, 67674, 84439,
50744, 67793, 67794, 67794, 67793, 84443,
50760, 67805, 66769, 66769, 67805, 84415,
50776, 67815, 67816, 67816, 67815, 84444,
50792, 67827, 67828, 67828, 67827, 84445,
50808, 67794, 67838, 67838, 67794, 84443,
50824, 67849, 67850, 67850, 67849, 84446,
50840, 67861, 67862, 67862, 67861, 84447,
50856, 67862, 67872, 67872, 67862, 84447,
50872, 67883, 67884, 67884, 67883, 84448,
50888, 67895, 67805, 67805, 67895, 84415,
50904, 67905, 67849, 67849, 67905, 84446,
50920, 67838, 67793, 67793, 67838, 84443,
50936, 67923, 67924, 67924, 67923, 84449,
50952, 67935, 67923, 67923, 67935, 84449,
50968, 66782, 67944, 67944, 66782, 84416,
50984, 67955, 67956, 67956, 67955, 84450,
51000, 67967, 67935, 67935, 67967, 84449,
51016, 67944, 67976, 67976, 67944, 84416,
51032, 67987, 67988, 67988, 67987, 84451,
51048, 67999, 68000, 68000, 67999, 84452,
51064, 68011, 68012, 68012, 68011, 84453,
51080, 68023, 68011, 68011, 68023, 84453,
51096, 68033, 68023, 68023, 68033, 84453,
51112, 68043, 68044, 68044, 68043, 84454,
51128, 68055, 68056, 68056, 68055, 84455,
51144, 68067, 68068, 68068, 68067, 84456,
51160, 68079, 68067, 68067, 68079, 84456,
51176, 68000, 68088, 68088, 68000, 84452,
51192, 68099, 68079, 68079, 68099, 84456,
51208, 68088, 68108, 68108, 68088, 84452,
51224, 68119, 68120, 68120, 68119, 84457,
51240, 68131, 68132, 68132, 68131, 84458,
51256, 68143, 68144, 68144, 68143, 84459,
51272, 68144, 68154, 68154, 68144, 84459,
51288, 68165, 68166, 68166, 68165, 84460,
51304, 68044, 68176, 68176, 68044, 84454,
51320, 68166, 68186, 68186, 68166, 84460,
51336, 68197, 68055, 68055, 68197, 84455,
51352, 68176, 68206, 68206, 68176, 84454,
51368, 68217, 68218, 68218, 68217, 84461,
51384, 68229, 68230, 68230, 68229, 84462,
51400, 68230, 68240, 68240, 68230, 84462,
51416, 68132, 68250, 68250, 68132, 84458,
51432, 68261, 68262, 68262, 68261, 84463,
51448, 68273, 68274, 68274, 68273, 84464,
51464, 68285, 68286, 68286, 68285, 84465,
51480, 68297, 68298, 68298, 68297, 84462,
51496, 68298, 68229, 68229, 68298, 84462,
51512, 68218, 68316, 68316, 68218, 84461,
51528, 68327, 68328, 68328, 68327, 84466,
51544, 68339, 68340, 68340, 68339, 84467,
51560, 68316, 68350, 68350, 68316, 84461,
51576, 68361, 68339, 68339, 68361, 84467,
51592, 68371, 68372, 68372, 68371, 84468,
51608, 68383, 68261, 68261, 68383, 84463,
51624, 68250, 68392, 68392, 68250, 84458,
51640, 68403, 68404, 68404, 68403, 84466,
51656, 68415, 68383, 68383, 68415, 84463,
51672, 68425, 68426, 68426, 68425, 84459,
51688, 68154, 68425, 68425, 68154, 84459,
51704, 68445, 68446, 68446, 68445, 84469,
51720, 68457, 68445, 68445, 68457, 84469,
51736, 68467, 68457, 68457, 68467, 84469,
51752, 68446, 68476, 68476, 68446, 84469,
51768, 68487, 68488, 68488, 68487, 84470,
51784, 68499, 68500, 68500, 68499, 84471,
51800, 68511, 68512, 68512, 68511, 84472,
51816, 68523, 68487, 68487, 68523, 84470,
51832, 68533, 68534, 68534, 68533, 84473,
51848, 68545, 68511, 68511, 68545, 84472,
51864, 68500, 68554, 68554, 68500, 84471,
51880, 68565, 68533, 68533, 68565, 84473,
51896, 68488, 68574, 68574, 68488, 84470,
51912, 68585, 68586, 68586, 68585, 84474,
51928, 68597, 68598, 68598, 68597, 84475,
51944, 68609, 68499, 68499, 68609, 84471,
51960, 68619, 68620, 68620, 68619, 84476,
51976, 68631, 68545, 68545, 68631, 84472,
51992, 68534, 68640, 68640, 68534, 84473,
52008, 68651, 68652, 68652, 68651, 84477,
52024, 68663, 68585, 68585, 68663, 84474,
52040, 68574, 68672, 68672, 68574, 84470,
52056, 68672, 68523, 68523, 68672, 84470,
52072, 68512, 68690, 68690, 68512, 84472,
52088, 68690, 68631, 68631, 68690, 84472,
52104, 68620, 68708, 68708, 68620, 84476,
52120, 68708, 68718, 68718, 68708, 84476,
52136, 68729, 68663, 68663, 68729, 84474,
52152, 68739, 68740, 68740, 68739, 84478,
52168, 68751, 68752, 68752, 68751, 84479,
52184, 68763, 68764, 68764, 68763, 84480,
52200, 68775, 68739, 68739, 68775, 84478,
52216, 68785, 68786, 68786, 68785, 84481,
52232, 68797, 68763, 68763, 68797, 84480,
52248, 68752, 68806, 68806, 68752, 84479,
52264, 68817, 68785, 68785, 68817, 84481,
52280, 68764, 68797, 68797, 68764, 84480,
52296, 68786, 68817, 68817, 68786, 84481,
52312, 68806, 68751, 68751, 68806, 84479,
52328, 68740, 68775, 68775, 68740, 84478,
52344, 68859, 68597, 68597, 68859, 84475,
52360, 68586, 68868, 68868, 68586, 84474,
52376, 68868, 68729, 68729, 68868, 84474,
52392, 68718, 68886, 68886, 68718, 84476,
52408, 68886, 68619, 68619, 68886, 84476,
52424, 68652, 68904, 68904, 68652, 84477,
52440, 68904, 68914, 68914, 68904, 84477,
52456, 68925, 68859, 68859, 68925, 84475,
52472, 68935, 68936, 68936, 68935, 84482,
52488, 68947, 68948, 68948, 68947, 84483,
52504, 68959, 68960, 68960, 68959, 84484,
52520, 68971, 68935, 68935, 68971, 84482,
52536, 68981, 68982, 68982, 68981, 84485,
52552, 68993, 68959, 68959, 68993, 84484,
52568, 68948, 69002, 69002, 68948, 84483,
52584, 69013, 68981, 68981, 69013, 84485,
52600, 68960, 68993, 68993, 68960, 84484,
52616, 68982, 69013, 69013, 68982, 84485,
52632, 69002, 68947, 68947, 69002, 84483,
52648, 68936, 68971, 68971, 68936, 84482,
52664, 69055, 68609, 68609, 69055, 84471,
52680, 68598, 69064, 69064, 68598, 84475,
52696, 69064, 68925, 68925, 69064, 84475,
52712, 68914, 69082, 69082, 68914, 84477,
52728, 69082, 68651, 68651, 69082, 84477,
52744, 68640, 69100, 69100, 68640, 84473,
52760, 69100, 68565, 68565, 69100, 84473,
52776, 68554, 69055, 69055, 68554, 84471,
52792, 69127, 69128, 69128, 69127, 84486,
52808, 69139, 69140, 69140, 69139, 84487,
52824, 69151, 69152, 69152, 69151, 84488,
52840, 69163, 69127, 69127, 69163, 84486,
52856, 69173, 69174, 69174, 69173, 84489,
52872, 69185, 69151, 69151, 69185, 84488,
52888, 69140, 69194, 69194, 69140, 84487,
52904, 69205, 69173, 69173, 69205, 84489,
52920, 69152, 69185, 69185, 69152, 84488,
52936, 69174, 69205, 69205, 69174, 84489,
52952, 69194, 69139, 69139, 69194, 84487,
52968, 69128, 69163, 69163, 69128, 84486,
52984, 69247, 69248, 69248, 69247, 84490,
53000, 69259, 68217, 68217, 69259, 84461,
53016, 69269, 69270, 69270, 69269, 84464,
53032, 69281, 69282, 69282, 69281, 84468,
53048, 69248, 69292, 69292, 69248, 84490,
53064, 68350, 69259, 69259, 68350, 84461,
53080, 69282, 68371, 68371, 69282, 84468,
53096, 69319, 69320, 69320, 69319, 84491,
53112, 69331, 69332, 69332, 69331, 84491,
53128, 69343, 69331, 69331, 69343, 84491,
53144, 69353, 69354, 69354, 69353, 84492,
53160, 69365, 69366, 69366, 69365, 84493,
53176, 69377, 69378, 69378, 69377, 84494,
53192, 69389, 69390, 69390, 69389, 84495,
53208, 69401, 69402, 69402, 69401, 84496,
53224, 69413, 69377, 69377, 69413, 84494,
53240, 69423, 69424, 69424, 69423, 84492,
53256, 69424, 69434, 69434, 69424, 84492,
53272, 69445, 69446, 69446, 69445, 84497,
53288, 69457, 69458, 69458, 69457, 84498,
53304, 69390, 69468, 69468, 69390, 84495,
53320, 69479, 69457, 69457, 69479, 84498,
53336, 69332, 69488, 69488, 69332, 84491,
53352, 69488, 69319, 69319, 69488, 84491,
53368, 69507, 69508, 69508, 69507, 84499,
53384, 69519, 69520, 69520, 69519, 84500,
53400, 69531, 69532, 69532, 69531, 84497,
53416, 69508, 69542, 69542, 69508, 84499,
53432, 69553, 69554, 69554, 69553, 84501,
53448, 69565, 69566, 69566, 69565, 84502,
53464, 69577, 69578, 69578, 69577, 84503,
53480, 69589, 69590, 69590, 69589, 84504,
53496, 69542, 69600, 69600, 69542, 84499,
53512, 69611, 69565, 69565, 69611, 84502,
53528, 69554, 69620, 69620, 69554, 84501,
53544, 69620, 69553, 69553, 69620, 84501,
53560, 69590, 69638, 69638, 69590, 84504,
53576, 69649, 69353, 69353, 69649, 84492,
53592, 69434, 69649, 69649, 69434, 84492,
53608, 69638, 69589, 69589, 69638, 84504,
53624, 69578, 69674, 69674, 69578, 84503,
53640, 69685, 69445, 69445, 69685, 84497,
53656, 69600, 69694, 69694, 69600, 84499,
53672, 69705, 69685, 69685, 69705, 84497,
53688, 69674, 69577, 69577, 69674, 84503,
53704, 69566, 69611, 69611, 69566, 84502,
53720, 69731, 69401, 69401, 69731, 84496,
53736, 69446, 69531, 69531, 69446, 84497,
53752, 69520, 69748, 69748, 69520, 84500,
53768, 68328, 68403, 68403, 68328, 84466,
53784, 68392, 69766, 69766, 68392, 84458,
53800, 69777, 69247, 69247, 69777, 84490,
53816, 69694, 69507, 69507, 69694, 84499,
53832, 69532, 69705, 69705, 69532, 84497,
53848, 69292, 69802, 69802, 69292, 84490,
53864, 69813, 67987, 67987, 69813, 84451,
53880, 69823, 69813, 69813, 69823, 84451,
53896, 69833, 69834, 69834, 69833, 84448,
53912, 67884, 69833, 69833, 67884, 84448,
53928, 69853, 67895, 67895, 69853, 84415,
53944, 66770, 69853, 69853, 66770, 84415,
53960, 69871, 66781, 66781, 69871, 84416,
53976, 67976, 69871, 69871, 67976, 84416,
53992, 69889, 68119, 68119, 69889, 84457,
54008, 67988, 69898, 69898, 67988, 84451,
54024, 69898, 69823, 69823, 69898, 84451,
54040, 69834, 69916, 69916, 69834, 84448,
54056, 69927, 66757, 66757, 69927, 84414,
54072, 68240, 68297, 68297, 68240, 84462,
54088, 68286, 69944, 69944, 68286, 84465,
54104, 67872, 67861, 67861, 67872, 84447,
54120, 67850, 69962, 69962, 67850, 84446,
54136, 69973, 69927, 69927, 69973, 84414,
54152, 69916, 67883, 67883, 69916, 84448,
54168, 69766, 68131, 68131, 69766, 84458,
54184, 69999, 70000, 70000, 69999, 84455,
54200, 70011, 70012, 70012, 70011, 84505,
54216, 68476, 68467, 68467, 68476, 84469,
54232, 68186, 68165, 68165, 68186, 84460,
54248, 70000, 68197, 68197, 70000, 84455,
54264, 70012, 70046, 70046, 70012, 84505,
54280, 68426, 68143, 68143, 68426, 84459,
54296, 69944, 68285, 68285, 69944, 84465,
54312, 70046, 70011, 70011, 70046, 84505,
54328, 67924, 70080, 70080, 67924, 84449,
54344, 70091, 67955, 67955, 70091, 84450,
54360, 68056, 69999, 69999, 68056, 84455,
54376, 69354, 70108, 70108, 69354, 84492,
54392, 70119, 69365, 69365, 70119, 84493,
54408, 70108, 69423, 69423, 70108, 84492,
54424, 69366, 70119, 70119, 69366, 84493,
54440, 68262, 70144, 70144, 68262, 84463,
54456, 70155, 68327, 68327, 70155, 84466,
54472, 68340, 68361, 68361, 68340, 84467,
54488, 68372, 70172, 70172, 68372, 84468,
54504, 70183, 70184, 70184, 70183, 84506,
54520, 68404, 70155, 70155, 68404, 84466,
54536, 70184, 70202, 70202, 70184, 84506,
54552, 70144, 68415, 68415, 70144, 84463,
54568, 70202, 70183, 70183, 70202, 84506,
54584, 70172, 69281, 69281, 70172, 84468,
54600, 69270, 68273, 68273, 69270, 84464,
54616, 70245, 70246, 70246, 70245, 84507,
54632, 70257, 69269, 69269, 70257, 84464,
54648, 70267, 70245, 70245, 70267, 84507,
54664, 68274, 70257, 70257, 68274, 84464,
54680, 70246, 70267, 70267, 70246, 84507,
54696, 69802, 69777, 69777, 69802, 84490,
54712, 69320, 69343, 69343, 69320, 84491,
54728, 70309, 67905, 67905, 70309, 84446,
54744, 69962, 70309, 70309, 69962, 84446,
54760, 70327, 69973, 69973, 70327, 84414,
54776, 66758, 70327, 70327, 66758, 84414,
54792, 67816, 70344, 70344, 67816, 84444,
54808, 70344, 67815, 67815, 70344, 84444,
54824, 67828, 70362, 70362, 67828, 84445,
54840, 70362, 67827, 67827, 70362, 84445,
54856, 70381, 70382, 70382, 70381, 84508,
54872, 70382, 70392, 70392, 70382, 84508,
54888, 70403, 70404, 70404, 70403, 84509,
54904, 70404, 70414, 70414, 70404, 84509,
54920, 70425, 70426, 70426, 70425, 84510,
54936, 70437, 70425, 70425, 70437, 84510,
54952, 70447, 70448, 70448, 70447, 84511,
54968, 70459, 70447, 70447, 70459, 84511,
54984, 70469, 70470, 70470, 70469, 84512,
55000, 70481, 70482, 70482, 70481, 84513,
55016, 70493, 70494, 70494, 70493, 84514,
55032, 70505, 70506, 70506, 70505, 84515,
55048, 70517, 70493, 70493, 70517, 84514,
55064, 70527, 70505, 70505, 70527, 84515,
55080, 70494, 70517, 70517, 70494, 84514,
55096, 70545, 70546, 70546, 70545, 84515,
55112, 70557, 70558, 70558, 70557, 84516,
55128, 70569, 70570, 70570, 70569, 84517,
55144, 70581, 70582, 70582, 70581, 84518,
55160, 70570, 70592, 70592, 70570, 84517,
55176, 70603, 70604, 70604, 70603, 84519,
55192, 70592, 70569, 70569, 70592, 84517,
55208, 70558, 70622, 70622, 70558, 84516,
55224, 70633, 70634, 70634, 70633, 84520,
55240, 70645, 70603, 70603, 70645, 84519,
55256, 70582, 70654, 70654, 70582, 84518,
55272, 70665, 70666, 70666, 70665, 84521,
55288, 70677, 70678, 70678, 70677, 84522,
55304, 70689, 70665, 70665, 70689, 84521,
55320, 70678, 70698, 70698, 70678, 84522,
55336, 70709, 70710, 70710, 70709, 84523,
55352, 70721, 70722, 70722, 70721, 84524,
55368, 70733, 70734, 70734, 70733, 84525,
55384, 70745, 70746, 70746, 70745, 84526,
55400, 70757, 70758, 70758, 70757, 84527,
55416, 70769, 70770, 70770, 70769, 84528,
55432, 70781, 70782, 70782, 70781, 84529,
55448, 70793, 70794, 70794, 70793, 84523,
55464, 70746, 70804, 70804, 70746, 84526,
55480, 70815, 70816, 70816, 70815, 84530,
55496, 70804, 70745, 70745, 70804, 84526,
55512, 70794, 70709, 70709, 70794, 84523,
55528, 70843, 70844, 70844, 70843, 84531,
55544, 70855, 70856, 70856, 70855, 84532,
55560, 70867, 70437, 70437, 70867, 84510,
55576, 70448, 70876, 70876, 70448, 84511,
55592, 70887, 70888, 70888, 70887, 84533,
55608, 70758, 70898, 70898, 70758, 84527,
55624, 70909, 70910, 70910, 70909, 84534,
55640, 70921, 70867, 70867, 70921, 84510,
55656, 70856, 70930, 70930, 70856, 84532,
55672, 70941, 70942, 70942, 70941, 84535,
55688, 70942, 70952, 70952, 70942, 84535,
55704, 70963, 70964, 70964, 70963, 84536,
55720, 70975, 70976, 70976, 70975, 84537,
55736, 70987, 70975, 70975, 70987, 84537,
55752, 70997, 70998, 70998, 70997, 84538,
55768, 71009, 70997, 70997, 71009, 84538,
55784, 71019, 71020, 71020, 71019, 84532,
55800, 70930, 71019, 71019, 70930, 84532,
55816, 71039, 70941, 70941, 71039, 84535,
55832, 71049, 71039, 71039, 71049, 84535,
55848, 70482, 71058, 71058, 70482, 84513,
55864, 71069, 71070, 71070, 71069, 84539,
55880, 71081, 71082, 71082, 71081, 84540,
55896, 71093, 70481, 70481, 71093, 84513,
55912, 70844, 71102, 71102, 70844, 84531,
55928, 71113, 71114, 71114, 71113, 84519,
55944, 71125, 71126, 71126, 71125, 84541,
55960, 71137, 71138, 71138, 71137, 84539,
55976, 71149, 71150, 71150, 71149, 84542,
55992, 71161, 71162, 71162, 71161, 84543,
56008, 71173, 71174, 71174, 71173, 84544,
56024, 71185, 71069, 71069, 71185, 84539,
56040, 71082, 71194, 71194, 71082, 84540,
56056, 71205, 71185, 71185, 71205, 84539,
56072, 71174, 71214, 71214, 71174, 84544,
56088, 71225, 71226, 71226, 71225, 84545,
56104, 71237, 71238, 71238, 71237, 84522,
56120, 71249, 71237, 71237, 71249, 84522,
56136, 71226, 71258, 71258, 71226, 84545,
56152, 71269, 71270, 71270, 71269, 84546,
56168, 71270, 71280, 71280, 71270, 84546,
56184, 71291, 71161, 71161, 71291, 84543,
56200, 71194, 71300, 71300, 71194, 84540,
56216, 71258, 71225, 71225, 71258, 84545,
56232, 71214, 71173, 71173, 71214, 84544,
56248, 71162, 71291, 71291, 71162, 84543,
56264, 71280, 71269, 71269, 71280, 84546,
56280, 71300, 71342, 71342, 71300, 84540,
56296, 71070, 71137, 71137, 71070, 84539,
56312, 71126, 71360, 71360, 71126, 84541,
56328, 71342, 71081, 71081, 71342, 84540,
56344, 71379, 71380, 71380, 71379, 84512,
56360, 71380, 71390, 71390, 71380, 84512,
56376, 71401, 71402, 71402, 71401, 84547,
56392, 71413, 71414, 71414, 71413, 84548,
56408, 71425, 71401, 71401, 71425, 84547,
56424, 71138, 71205, 71205, 71138, 84539,
56440, 71238, 71442, 71442, 71238, 84522,
56456, 71442, 70677, 70677, 71442, 84522,
56472, 71461, 71462, 71462, 71461, 84549,
56488, 71473, 71149, 71149, 71473, 84542,
56504, 71414, 71482, 71482, 71414, 84548,
56520, 71493, 71461, 71461, 71493, 84549,
56536, 70666, 70689, 70689, 70666, 84521,
56552, 70698, 71249, 71249, 70698, 84522,
56568, 71519, 70469, 70469, 71519, 84512,
56584, 71390, 71519, 71519, 71390, 84512,
56600, 70470, 71379, 71379, 70470, 84512,
56616, 71545, 71546, 71546, 71545, 84516,
56632, 71557, 71558, 71558, 71557, 84550,
56648, 71058, 71568, 71568, 71058, 84513,
56664, 71546, 70557, 70557, 71546, 84516,
56680, 70546, 70527, 70527, 70546, 84515,
56696, 71595, 71557, 71557, 71595, 84550,
56712, 71568, 71093, 71093, 71568, 84513,
56728, 71613, 71614, 71614, 71613, 84551,
56744, 71625, 71626, 71626, 71625, 84552,
56760, 71637, 71638, 71638, 71637, 84553,
56776, 71649, 71650, 71650, 71649, 84554,
56792, 71661, 71637, 71637, 71661, 84553,
56808, 71626, 71670, 71670, 71626, 84552,
56824, 71681, 71649, 71649, 71681, 84554,
56840, 71638, 71661, 71661, 71638, 84553,
56856, 71699, 71613, 71613, 71699, 84551,
56872, 71650, 71681, 71681, 71650, 84554,
56888, 71670, 71625, 71625, 71670, 84552,
56904, 71614, 71699, 71699, 71614, 84551,
56920, 71733, 71734, 71734, 71733, 84555,
56936, 71745, 71746, 71746, 71745, 84556,
56952, 71746, 71756, 71756, 71746, 84556,
56968, 71767, 71768, 71768, 71767, 84557,
56984, 71768, 71778, 71778, 71768, 84557,
57000, 71789, 71790, 71790, 71789, 84558,
57016, 71790, 71800, 71800, 71790, 84558,
57032, 71811, 71733, 71733, 71811, 84555,
57048, 71821, 71822, 71822, 71821, 84559,
57064, 71833, 71834, 71834, 71833, 84560,
57080, 71845, 71846, 71846, 71845, 84561,
57096, 71857, 71858, 71858, 71857, 84562,
57112, 71869, 71845, 71845, 71869, 84561,
57128, 71834, 71878, 71878, 71834, 84560,
57144, 71889, 71857, 71857, 71889, 84562,
57160, 71846, 71869, 71869, 71846, 84561,
57176, 71907, 71821, 71821, 71907, 84559,
57192, 71858, 71889, 71889, 71858, 84562,
57208, 71878, 71833, 71833, 71878, 84560,
57224, 71822, 71907, 71907, 71822, 84559,
57240, 71941, 71789, 71789, 71941, 84558,
57256, 71778, 71950, 71950, 71778, 84557,
57272, 71950, 71960, 71960, 71950, 84557,
57288, 71971, 71972, 71972, 71971, 84563,
57304, 71972, 71982, 71982, 71972, 84563,
57320, 71993, 71994, 71994, 71993, 84564,
57336, 71994, 72004, 72004, 71994, 84564,
57352, 72015, 71941, 71941, 72015, 84558,
57368, 72025, 72026, 72026, 72025, 84565,
57384, 72037, 72038, 72038, 72037, 84566,
57400, 72049, 72050, 72050, 72049, 84567,
57416, 72061, 72062, 72062, 72061, 84568,
57432, 72073, 72049, 72049, 72073, 84567,
57448, 72038, 72082, 72082, 72038, 84566,
57464, 72093, 72061, 72061, 72093, 84568,
57480, 72050, 72073, 72073, 72050, 84567,
57496, 72111, 72025, 72025, 72111, 84565,
57512, 72062, 72093, 72093, 72062, 84568,
57528, 72082, 72037, 72037, 72082, 84566,
57544, 72026, 72111, 72111, 72026, 84565,
57560, 72145, 71993, 71993, 72145, 84564,
57576, 71982, 72154, 72154, 71982, 84563,
57592, 72154, 72164, 72164, 72154, 84563,
57608, 72175, 72176, 72176, 72175, 84569,
57624, 72176, 72186, 72186, 72176, 84569,
57640, 72197, 72198, 72198, 72197, 84570,
57656, 72198, 72208, 72208, 72198, 84570,
57672, 72219, 72145, 72145, 72219, 84564,
57688, 71960, 71767, 71767, 71960, 84557,
57704, 71756, 72236, 72236, 71756, 84556,
57720, 72247, 72175, 72175, 72247, 84569,
57736, 72164, 71971, 71971, 72164, 84563,
57752, 72265, 71811, 71811, 72265, 84555,
57768, 71800, 72015, 72015, 71800, 84558,
57784, 72004, 72219, 72219, 72004, 84564,
57800, 72208, 72290, 72290, 72208, 84570,
57816, 72301, 71745, 71745, 72301, 84556,
57832, 71734, 72310, 72310, 71734, 84555,
57848, 72321, 72247, 72247, 72321, 84569,
57864, 72236, 72301, 72301, 72236, 84556,
57880, 72339, 72197, 72197, 72339, 84570,
57896, 72186, 72321, 72321, 72186, 84569,
57912, 72310, 72265, 72265, 72310, 84555,
57928, 72290, 72339, 72339, 72290, 84570,
57944, 70816, 72372, 72372, 70816, 84530,
57960, 72383, 70815, 70815, 72383, 84530,
57976, 72393, 72383, 72383, 72393, 84530,
57992, 72372, 72393, 72393, 72372, 84530,
58008, 72411, 72412, 72412, 72411, 84528,
58024, 70770, 72411, 72411, 70770, 84528,
58040, 72431, 70581, 70581, 72431, 84518,
58056, 70604, 71113, 71113, 70604, 84519,
58072, 71102, 72448, 72448, 71102, 84531,
58088, 72459, 72431, 72431, 72459, 84518,
58104, 70622, 71545, 71545, 70622, 84516,
58120, 72477, 70633, 70633, 72477, 84520,
58136, 71558, 72486, 72486, 71558, 84550,
58152, 70634, 72477, 72477, 70634, 84520,
58168, 71114, 70645, 70645, 71114, 84519,
58184, 72486, 72512, 72512, 72486, 84550,
58200, 72523, 72524, 72524, 72523, 84534,
58216, 72524, 70909, 70909, 72524, 84534,
58232, 70898, 70757, 70757, 70898, 84527,
58248, 70506, 70545, 70545, 70506, 84515,
58264, 70654, 72459, 72459, 70654, 84518,
58280, 72448, 72566, 72566, 72448, 84531,
58296, 70910, 72576, 72576, 70910, 84534,
58312, 72576, 72523, 72523, 72576, 84534,
58328, 72512, 71595, 71595, 72512, 84550,
58344, 72603, 72604, 72604, 72603, 84571,
58360, 72615, 70781, 70781, 72615, 84529,
58376, 72412, 72624, 72624, 72412, 84528,
58392, 72624, 70769, 70769, 72624, 84528,
58408, 72566, 70843, 70843, 72566, 84531,
58424, 72651, 70963, 70963, 72651, 84536,
58440, 72661, 72662, 72662, 72661, 84572,
58456, 72673, 72674, 72674, 72673, 84573,
58472, 72662, 72684, 72684, 72662, 84572,
58488, 72695, 72673, 72673, 72695, 84573,
58504, 72705, 72695, 72695, 72705, 84573,
58520, 70710, 72714, 72714, 70710, 84523,
58536, 72725, 72726, 72726, 72725, 84571,
58552, 72737, 72738, 72738, 72737, 84574,
58568, 72749, 72737, 72737, 72749, 84574,
58584, 72759, 72749, 72749, 72759, 84574,
58600, 72684, 72768, 72768, 72684, 84572,
58616, 70952, 71049, 71049, 70952, 84535,
58632, 70976, 72786, 72786, 70976, 84537,
58648, 72797, 72798, 72798, 72797, 84524,
58664, 72809, 70733, 70733, 72809, 84525,
58680, 72786, 72818, 72818, 72786, 84537,
58696, 72829, 72797, 72797, 72829, 84524,
58712, 70722, 72829, 72829, 70722, 84524,
58728, 72847, 72848, 72848, 72847, 84575,
58744, 72859, 70459, 70459, 72859, 84511,
58760, 72869, 71009, 71009, 72869, 84538,
58776, 71020, 70855, 70855, 71020, 84532,
58792, 70888, 72886, 72886, 70888, 84533,
58808, 72886, 70887, 70887, 72886, 84533,
58824, 70876, 72859, 72859, 70876, 84511,
58840, 72848, 72912, 72912, 72848, 84575,
58856, 70392, 70381, 70381, 70392, 84508,
58872, 70414, 70403, 70403, 70414, 84509,
58888, 72939, 72869, 72869, 72939, 84538,
58904, 72912, 72847, 72847, 72912, 84575,
58920, 72957, 72958, 72958, 72957, 84576,
58936, 72969, 72970, 72970, 72969, 84577,
58952, 72981, 72982, 72982, 72981, 84578,
58968, 72993, 72994, 72994, 72993, 84579,
58984, 73005, 72981, 72981, 73005, 84578,
59000, 72970, 73014, 73014, 72970, 84577,
59016, 73025, 72993, 72993, 73025, 84579,
59032, 72982, 73005, 73005, 72982, 84578,
59048, 73043, 72957, 72957, 73043, 84576,
59064, 72994, 73025, 73025, 72994, 84579,
59080, 73014, 72969, 72969, 73014, 84577,
59096, 72958, 73043, 73043, 72958, 84576,
59112, 73077, 73078, 73078, 73077, 84580,
59128, 73089, 73090, 73090, 73089, 84581,
59144, 73090, 73100, 73100, 73090, 84581,
59160, 73111, 73112, 73112, 73111, 84582,
59176, 73112, 73122, 73122, 73112, 84582,
59192, 73133, 73134, 73134, 73133, 84583,
59208, 73134, 73144, 73144, 73134, 84583,
59224, 73155, 73077, 73077, 73155, 84580,
59240, 73165, 73166, 73166, 73165, 84584,
59256, 73177, 73178, 73178, 73177, 84585,
59272, 73189, 73190, 73190, 73189, 84586,
59288, 73201, 73202, 73202, 73201, 84587,
59304, 73213, 73189, 73189, 73213, 84586,
59320, 73178, 73222, 73222, 73178, 84585,
59336, 73190, 73213, 73213, 73190, 84586,
59352, 73241, 73201, 73201, 73241, 84587,
59368, 73251, 73165, 73165, 73251, 84584,
59384, 73202, 73241, 73241, 73202, 84587,
59400, 73166, 73251, 73251, 73166, 84584,
59416, 73222, 73177, 73177, 73222, 84585,
59432, 73285, 73286, 73286, 73285, 84588,
59448, 73297, 73298, 73298, 73297, 84589,
59464, 73298, 73308, 73308, 73298, 84589,
59480, 73319, 73320, 73320, 73319, 84590,
59496, 73320, 73330, 73330, 73320, 84590,
59512, 73341, 73342, 73342, 73341, 84591,
59528, 73342, 73352, 73352, 73342, 84591,
59544, 73363, 73285, 73285, 73363, 84588,
59560, 73373, 73374, 73374, 73373, 84592,
59576, 73385, 73386, 73386, 73385, 84593,
59592, 73397, 73398, 73398, 73397, 84594,
59608, 73409, 73410, 73410, 73409, 84595,
59624, 73421, 73397, 73397, 73421, 84594,
59640, 73386, 73430, 73430, 73386, 84593,
59656, 73441, 73409, 73409, 73441, 84595,
59672, 73398, 73421, 73421, 73398, 84594,
59688, 73459, 73373, 73373, 73459, 84592,
59704, 73410, 73441, 73441, 73410, 84595,
59720, 73430, 73385, 73385, 73430, 84593,
59736, 73374, 73459, 73459, 73374, 84592,
59752, 73493, 73341, 73341, 73493, 84591,
59768, 73330, 73502, 73502, 73330, 84590,
59784, 73502, 73512, 73512, 73502, 84590,
59800, 73523, 73524, 73524, 73523, 84596,
59816, 73524, 73534, 73534, 73524, 84596,
59832, 73545, 73546, 73546, 73545, 84597,
59848, 73546, 73556, 73556, 73546, 84597,
59864, 73567, 73493, 73493, 73567, 84591,
59880, 73577, 73578, 73578, 73577, 84598,
59896, 73589, 73590, 73590, 73589, 84599,
59912, 73601, 73602, 73602, 73601, 84600,
59928, 73613, 73614, 73614, 73613, 84601,
59944, 73625, 73601, 73601, 73625, 84600,
59960, 73590, 73634, 73634, 73590, 84599,
59976, 73645, 73613, 73613, 73645, 84601,
59992, 73602, 73625, 73625, 73602, 84600,
60008, 73663, 73577, 73577, 73663, 84598,
60024, 73614, 73645, 73645, 73614, 84601,
60040, 73634, 73589, 73589, 73634, 84599,
60056, 73578, 73663, 73663, 73578, 84598,
60072, 73697, 73545, 73545, 73697, 84597,
60088, 73534, 73706, 73706, 73534, 84596,
60104, 73706, 73716, 73716, 73706, 84596,
60120, 73727, 73728, 73728, 73727, 84581,
60136, 73728, 73089, 73089, 73728, 84581,
60152, 73078, 73746, 73746, 73078, 84580,
60168, 73746, 73756, 73756, 73746, 84580,
60184, 73767, 73697, 73697, 73767, 84597,
60200, 73512, 73319, 73319, 73512, 84590,
60216, 73308, 73784, 73784, 73308, 84589,
60232, 73716, 73523, 73523, 73716, 84596,
60248, 73803, 73727, 73727, 73803, 84581,
60264, 73813, 73363, 73363, 73813, 84588,
60280, 73352, 73567, 73567, 73352, 84591,
60296, 73756, 73830, 73830, 73756, 84580,
60312, 73556, 73767, 73767, 73556, 84597,
60328, 73784, 73848, 73848, 73784, 84589,
60344, 73859, 73111, 73111, 73859, 84582,
60360, 73100, 73803, 73803, 73100, 84581,
60376, 73877, 73813, 73813, 73877, 84588,
60392, 73830, 73155, 73155, 73830, 84580,
60408, 73144, 73894, 73894, 73144, 84583,
60424, 73848, 73297, 73297, 73848, 84589,
60440, 73286, 73877, 73877, 73286, 84588,
60456, 73921, 73859, 73859, 73921, 84582,
60472, 73931, 73133, 73133, 73931, 84583,
60488, 73122, 73921, 73921, 73122, 84582,
60504, 73894, 73931, 73931, 73894, 84583,
60520, 72818, 70987, 70987, 72818, 84537,
60536, 70998, 72939, 72939, 70998, 84538,
60552, 70426, 70921, 70921, 70426, 84510,
60568, 73981, 73982, 73982, 73981, 84602,
60584, 73993, 73994, 73994, 73993, 84603,
60600, 73994, 74004, 74004, 73994, 84603,
60616, 74015, 74016, 74016, 74015, 84604,
60632, 74027, 74028, 74028, 74027, 84605,
60648, 74039, 73981, 73981, 74039, 84602,
60664, 74016, 74048, 74048, 74016, 84604,
60680, 74059, 74060, 74060, 74059, 84606,
60696, 74060, 74070, 74070, 74060, 84606,
60712, 74081, 74082, 74082, 74081, 84607,
60728, 74093, 74094, 74094, 74093, 84608,
60744, 74082, 74104, 74104, 74082, 84607,
60760, 74115, 74116, 74116, 74115, 84609,
60776, 74127, 74128, 74128, 74127, 84610,
60792, 74116, 74138, 74138, 74116, 84609,
60808, 74149, 74150, 74150, 74149, 84611,
60824, 74150, 74160, 74160, 74150, 84611,
60840, 74171, 74172, 74172, 74171, 84612,
60856, 74183, 74093, 74093, 74183, 84608,
60872, 74172, 74192, 74192, 74172, 84612,
60888, 74203, 74127, 74127, 74203, 84610,
60904, 74213, 74214, 74214, 74213, 84613,
60920, 74214, 74224, 74224, 74214, 84613,
60936, 68120, 74234, 74234, 68120, 84457,
60952, 74094, 74183, 74183, 74094, 84608,
60968, 74192, 74171, 74171, 74192, 84612,
60984, 74261, 74059, 74059, 74261, 84606,
61000, 74160, 74149, 74149, 74160, 84611,
61016, 74138, 74278, 74278, 74138, 84609,
61032, 73982, 74288, 74288, 73982, 84602,
61048, 74278, 74298, 74298, 74278, 84609,
61064, 74309, 73993, 73993, 74309, 84603,
61080, 74319, 74261, 74261, 74319, 84606,
61096, 74288, 74328, 74328, 74288, 84602,
61112, 74339, 74309, 74309, 74339, 84603,
61128, 74298, 74115, 74115, 74298, 84609,
61144, 74357, 74081, 74081, 74357, 84607,
61160, 74070, 74319, 74319, 74070, 84606,
61176, 74328, 74039, 74039, 74328, 84602,
61192, 74028, 74382, 74382, 74028, 84605,
61208, 74393, 74015, 74015, 74393, 84604,
61224, 74004, 74339, 74339, 74004, 84603,
61240, 74411, 74412, 74412, 74411, 84614,
61256, 74224, 74213, 74213, 74224, 84613,
61272, 74128, 74203, 74203, 74128, 84610,
61288, 74439, 74411, 74411, 74439, 84614,
61304, 74449, 74439, 74439, 74449, 84614,
61320, 74234, 74458, 74458, 74234, 84457,
61336, 74469, 74449, 74449, 74469, 84614,
61352, 74458, 69889, 69889, 74458, 84457,
61368, 74412, 74469, 74469, 74412, 84614,
61384, 74495, 74393, 74393, 74495, 84604,
61400, 74382, 74504, 74504, 74382, 84605,
61416, 74515, 74357, 74357, 74515, 84607,
61432, 74104, 74515, 74515, 74104, 84607,
61448, 74533, 74027, 74027, 74533, 84605,
61464, 74504, 74533, 74533, 74504, 84605,
61480, 74048, 74495, 74495, 74048, 84604,
61496, 74559, 74560, 74560, 74559, 84615,
61512, 74571, 74572, 74572, 74571, 84616,
61528, 74572, 74582, 74582, 74572, 84616,
61544, 74593, 68099, 68099, 74593, 84456,
61560, 68206, 74602, 74602, 68206, 84454,
61576, 74613, 74559, 74559, 74613, 84615,
61592, 74560, 74613, 74613, 74560, 84615,
61608, 74602, 68043, 68043, 74602, 84454,
61624, 68068, 74593, 74593, 68068, 84456,
61640, 74582, 74571, 74571, 74582, 84616,
61656, 68108, 74654, 74654, 68108, 84452,
61672, 74665, 74666, 74666, 74665, 84617,
61688, 74666, 74676, 74676, 74666, 84617,
61704, 74687, 74688, 74688, 74687, 84618,
61720, 74688, 74698, 74698, 74688, 84618,
61736, 74709, 68033, 68033, 74709, 84453,
61752, 74676, 74665, 74665, 74676, 84617,
61768, 74654, 67999, 67999, 74654, 84452,
61784, 68012, 74709, 74709, 68012, 84453,
61800, 74698, 74687, 74687, 74698, 84618,
61816, 74751, 74752, 74752, 74751, 84619,
61832, 74763, 74764, 74764, 74763, 84620,
61848, 74775, 74776, 74776, 74775, 84621,
61864, 74787, 74751, 74751, 74787, 84619,
61880, 74764, 74796, 74796, 74764, 84620,
61896, 74807, 74808, 74808, 74807, 84622,
61912, 74819, 74775, 74775, 74819, 84621,
61928, 74829, 74830, 74830, 74829, 84623,
61944, 74841, 74842, 74842, 74841, 84624,
61960, 74853, 74829, 74829, 74853, 84623,
61976, 74863, 74864, 74864, 74863, 84625,
61992, 74875, 74841, 74841, 74875, 84624,
62008, 74885, 74886, 74886, 74885, 84626,
62024, 74897, 74898, 74898, 74897, 84627,
62040, 74909, 74910, 74910, 74909, 84628,
62056, 74921, 74885, 74885, 74921, 84626,
62072, 74931, 74909, 74909, 74931, 84628,
62088, 74941, 74942, 74942, 74941, 84629,
62104, 74864, 74952, 74952, 74864, 84625,
62120, 74963, 74941, 74941, 74963, 84629,
62136, 74898, 74972, 74972, 74898, 84627,
62152, 74983, 74984, 74984, 74983, 84630,
62168, 74995, 74983, 74983, 74995, 84630,
62184, 75005, 72651, 72651, 75005, 84536,
62200, 74952, 74863, 74863, 74952, 84625,
62216, 74942, 74963, 74963, 74942, 84629,
62232, 74830, 75030, 75030, 74830, 84623,
62248, 75041, 74921, 74921, 75041, 84626,
62264, 74910, 74931, 74931, 74910, 84628,
62280, 74752, 75058, 75058, 74752, 84619,
62296, 75069, 75041, 75041, 75069, 84626,
62312, 75079, 74763, 74763, 75079, 84620,
62328, 75089, 75079, 75079, 75089, 84620,
62344, 75030, 75098, 75098, 75030, 84623,
62360, 74886, 75069, 75069, 74886, 84626,
62376, 75058, 75116, 75116, 75058, 84619,
62392, 75127, 74807, 74807, 75127, 84622,
62408, 74796, 75089, 75089, 74796, 84620,
62424, 75098, 74853, 74853, 75098, 84623,
62440, 74842, 75152, 75152, 74842, 84624,
62456, 75163, 75164, 75164, 75163, 84631,
62472, 75116, 74787, 74787, 75116, 84619,
62488, 74776, 75182, 75182, 74776, 84621,
62504, 74984, 74995, 74995, 74984, 84630,
62520, 74972, 74897, 74897, 74972, 84627,
62536, 75164, 75208, 75208, 75164, 84631,
62552, 75219, 75005, 75005, 75219, 84536,
62568, 75208, 75228, 75228, 75208, 84631,
62584, 70964, 75219, 75219, 70964, 84536,
62600, 75228, 75246, 75246, 75228, 84631,
62616, 75182, 75256, 75256, 75182, 84621,
62632, 75246, 75163, 75163, 75246, 84631,
62648, 75152, 75274, 75274, 75152, 84624,
62664, 75285, 75127, 75127, 75285, 84622,
62680, 75274, 74875, 74875, 75274, 84624,
62696, 74808, 75302, 75302, 74808, 84622,
62712, 75302, 75285, 75285, 75302, 84622,
62728, 75256, 74819, 74819, 75256, 84621,
62744, 75329, 75330, 75330, 75329, 84632,
62760, 75341, 75342, 75342, 75341, 84633,
62776, 72674, 75352, 75352, 72674, 84573,
62792, 75363, 75329, 75329, 75363, 84632,
62808, 75342, 75372, 75372, 75342, 84633,
62824, 75383, 72603, 72603, 75383, 84571,
62840, 75330, 75363, 75363, 75330, 84632,
62856, 75352, 72705, 72705, 75352, 84573,
62872, 72726, 75383, 75383, 72726, 84571,
62888, 75372, 75341, 75341, 75372, 84633,
62904, 75425, 75426, 75426, 75425, 84634,
62920, 75437, 72661, 72661, 75437, 84572,
62936, 75447, 75448, 75448, 75447, 84635,
62952, 75459, 75425, 75425, 75459, 84634,
62968, 72738, 75468, 75468, 72738, 84574,
62984, 75479, 75447, 75447, 75479, 84635,
63000, 75448, 75479, 75479, 75448, 84635,
63016, 75468, 72759, 72759, 75468, 84574,
63032, 72768, 75437, 75437, 72768, 84572,
63048, 75426, 75459, 75459, 75426, 84634,
63064, 75521, 75522, 75522, 75521, 84636,
63080, 75533, 75534, 75534, 75533, 84637,
63096, 75545, 75546, 75546, 75545, 84638,
63112, 75557, 75521, 75521, 75557, 84636,
63128, 75567, 75568, 75568, 75567, 84639,
63144, 75579, 75545, 75545, 75579, 84638,
63160, 75534, 75588, 75588, 75534, 84637,
63176, 75599, 75567, 75567, 75599, 84639,
63192, 75609, 75610, 75610, 75609, 84640,
63208, 75621, 75622, 75622, 75621, 84641,
63224, 75633, 75634, 75634, 75633, 84642,
63240, 75645, 75646, 75646, 75645, 84643,
63256, 75568, 75599, 75599, 75568, 84639,
63272, 75588, 75533, 75533, 75588, 84637,
63288, 75522, 75557, 75557, 75522, 84636,
63304, 75546, 75579, 75579, 75546, 84638,
63320, 75610, 75688, 75688, 75610, 84640,
63336, 75699, 75645, 75645, 75699, 84643,
63352, 75634, 75708, 75708, 75634, 84642,
63368, 75719, 75621, 75621, 75719, 84641,
63384, 75622, 75719, 75719, 75622, 84641,
63400, 75708, 75633, 75633, 75708, 84642,
63416, 75646, 75699, 75699, 75646, 84643,
63432, 75688, 75609, 75609, 75688, 84640,
63448, 75761, 75762, 75762, 75761, 84644,
63464, 75773, 75774, 75774, 75773, 84645,
63480, 75785, 75786, 75786, 75785, 84646,
63496, 75797, 75761, 75761, 75797, 84644,
63512, 75807, 75808, 75808, 75807, 84647,
63528, 75819, 75785, 75785, 75819, 84646,
63544, 75774, 75828, 75828, 75774, 84645,
63560, 75839, 75807, 75807, 75839, 84647,
63576, 75849, 75850, 75850, 75849, 84648,
63592, 75861, 75862, 75862, 75861, 84649,
63608, 75873, 75874, 75874, 75873, 84650,
63624, 75885, 75886, 75886, 75885, 84651,
63640, 75808, 75839, 75839, 75808, 84647,
63656, 75828, 75773, 75773, 75828, 84645,
63672, 75762, 75797, 75797, 75762, 84644,
63688, 75786, 75819, 75819, 75786, 84646,
63704, 75850, 75928, 75928, 75850, 84648,
63720, 75939, 75885, 75885, 75939, 84651,
63736, 75874, 75948, 75948, 75874, 84650,
63752, 75959, 75861, 75861, 75959, 84649,
63768, 75862, 75959, 75959, 75862, 84649,
63784, 75948, 75873, 75873, 75948, 84650,
63800, 75886, 75939, 75939, 75886, 84651,
63816, 75928, 75849, 75849, 75928, 84648,
63832, 76001, 76002, 76002, 76001, 84652,
63848, 76013, 76014, 76014, 76013, 84653,
63864, 76025, 76026, 76026, 76025, 84654,
63880, 76037, 76001, 76001, 76037, 84652,
63896, 76047, 76048, 76048, 76047, 84655,
63912, 76059, 76025, 76025, 76059, 84654,
63928, 76014, 76068, 76068, 76014, 84653,
63944, 76079, 76047, 76047, 76079, 84655,
63960, 76089, 76090, 76090, 76089, 84656,
63976, 76101, 76102, 76102, 76101, 84657,
63992, 76113, 76114, 76114, 76113, 84658,
64008, 76125, 76126, 76126, 76125, 84659,
64024, 76048, 76079, 76079, 76048, 84655,
64040, 76068, 76013, 76013, 76068, 84653,
64056, 76002, 76037, 76037, 76002, 84652,
64072, 76026, 76059, 76059, 76026, 84654,
64088, 76090, 76168, 76168, 76090, 84656,
64104, 76179, 76125, 76125, 76179, 84659,
64120, 76114, 76188, 76188, 76114, 84658,
64136, 76199, 76101, 76101, 76199, 84657,
64152, 76102, 76199, 76199, 76102, 84657,
64168, 76188, 76113, 76113, 76188, 84658,
64184, 76126, 76179, 76179, 76126, 84659,
64200, 76168, 76089, 76089, 76168, 84656,
64216, 76241, 76242, 76242, 76241, 84660,
64232, 76253, 76254, 76254, 76253, 84661,
64248, 76265, 76266, 76266, 76265, 84662,
64264, 76277, 76241, 76241, 76277, 84660,
64280, 76287, 76288, 76288, 76287, 84663,
64296, 76299, 76265, 76265, 76299, 84662,
64312, 76254, 76308, 76308, 76254, 84661,
64328, 76319, 76287, 76287, 76319, 84663,
64344, 76329, 76330, 76330, 76329, 84664,
64360, 76341, 76342, 76342, 76341, 84665,
64376, 76353, 76354, 76354, 76353, 84666,
64392, 76365, 76366, 76366, 76365, 84667,
64408, 76288, 76319, 76319, 76288, 84663,
64424, 76308, 76253, 76253, 76308, 84661,
64440, 76242, 76277, 76277, 76242, 84660,
64456, 76266, 76299, 76299, 76266, 84662,
64472, 76330, 76408, 76408, 76330, 84664,
64488, 76419, 76365, 76365, 76419, 84667,
64504, 76354, 76428, 76428, 76354, 84666,
64520, 76439, 76341, 76341, 76439, 84665,
64536, 76342, 76439, 76439, 76342, 84665,
64552, 76428, 76353, 76353, 76428, 84666,
64568, 76366, 76419, 76419, 76366, 84667,
64584, 76408, 76329, 76329, 76408, 84664,
64600, 76481, 76482, 76482, 76481, 84668,
64616, 76493, 76494, 76494, 76493, 84669,
64632, 76494, 76504, 76504, 76494, 84669,
64648, 76515, 76516, 76516, 76515, 84670,
64664, 76516, 76526, 76526, 76516, 84670,
64680, 76537, 76538, 76538, 76537, 84671,
64696, 76538, 76548, 76548, 76538, 84671,
64712, 76559, 76481, 76481, 76559, 84668,
64728, 76569, 76570, 76570, 76569, 84672,
64744, 76581, 76582, 76582, 76581, 84673,
64760, 76593, 76594, 76594, 76593, 84674,
64776, 76605, 76606, 76606, 76605, 84675,
64792, 76526, 76515, 76515, 76526, 84670,
64808, 76504, 76493, 76493, 76504, 84669,
64824, 76482, 76559, 76559, 76482, 84668,
64840, 76548, 76537, 76537, 76548, 84671,
64856, 76570, 76648, 76648, 76570, 84672,
64872, 76659, 76605, 76605, 76659, 84675,
64888, 76594, 76668, 76668, 76594, 84674,
64904, 76679, 76581, 76581, 76679, 84673,
64920, 76606, 76659, 76659, 76606, 84675,
64936, 76648, 76569, 76569, 76648, 84672,
64952, 76582, 76679, 76679, 76582, 84673,
64968, 76668, 76593, 76593, 76668, 84674,
64984, 76721, 76722, 76722, 76721, 84676,
65000, 76733, 76734, 76734, 76733, 84677,
65016, 76734, 76744, 76744, 76734, 84677,
65032, 76755, 76756, 76756, 76755, 84678,
65048, 76756, 76766, 76766, 76756, 84678,
65064, 76777, 76778, 76778, 76777, 84679,
65080, 76778, 76788, 76788, 76778, 84679,
65096, 76799, 76721, 76721, 76799, 84676,
65112, 76809, 76810, 76810, 76809, 84680,
65128, 76821, 76822, 76822, 76821, 84681,
65144, 76833, 76834, 76834, 76833, 84682,
65160, 76845, 76846, 76846, 76845, 84683,
65176, 76766, 76755, 76755, 76766, 84678,
65192, 76744, 76733, 76733, 76744, 84677,
65208, 76722, 76799, 76799, 76722, 84676,
65224, 76788, 76777, 76777, 76788, 84679,
65240, 76810, 76888, 76888, 76810, 84680,
65256, 76899, 76845, 76845, 76899, 84683,
65272, 76834, 76908, 76908, 76834, 84682,
65288, 76919, 76821, 76821, 76919, 84681,
65304, 76846, 76899, 76899, 76846, 84683,
65320, 76888, 76809, 76809, 76888, 84680,
65336, 76822, 76919, 76919, 76822, 84681,
65352, 76908, 76833, 76833, 76908, 84682,
65368, 76961, 76962, 76962, 76961, 84684,
65384, 76973, 76974, 76974, 76973, 84685,
65400, 76974, 76984, 76984, 76974, 84685,
65416, 76995, 76996, 76996, 76995, 84686,
65432, 76996, 77006, 77006, 76996, 84686,
65448, 77017, 77018, 77018, 77017, 84687,
65464, 77018, 77028, 77028, 77018, 84687,
65480, 77039, 76961, 76961, 77039, 84684,
65496, 77049, 77050, 77050, 77049, 84688,
65512, 77061, 77062, 77062, 77061, 84689,
65528, 77073, 77074, 77074, 77073, 84690,
65544, 77085, 77086, 77086, 77085, 84691,
65560, 77006, 76995, 76995, 77006, 84686,
65576, 76984, 76973, 76973, 76984, 84685,
65592, 76962, 77039, 77039, 76962, 84684,
65608, 77028, 77017, 77017, 77028, 84687,
65624, 77050, 77128, 77128, 77050, 84688,
65640, 77139, 77085, 77085, 77139, 84691,
65656, 77074, 77148, 77148, 77074, 84690,
65672, 77159, 77061, 77061, 77159, 84689,
65688, 77086, 77139, 77139, 77086, 84691,
65704, 77128, 77049, 77049, 77128, 84688,
65720, 77062, 77159, 77159, 77062, 84689,
65736, 77148, 77073, 77073, 77148, 84690,
65752, 77201, 77202, 77202, 77201, 84692,
65768, 77213, 77214, 77214, 77213, 84693,
65784, 77214, 77224, 77224, 77214, 84693,
65800, 77235, 77236, 77236, 77235, 84694,
65816, 77236, 77246, 77246, 77236, 84694,
65832, 77257, 77258, 77258, 77257, 84695,
65848, 77258, 77268, 77268, 77258, 84695,
65864, 77279, 77201, 77201, 77279, 84692,
65880, 77289, 77290, 77290, 77289, 84696,
65896, 77301, 77302, 77302, 77301, 84697,
65912, 77313, 77314, 77314, 77313, 84698,
65928, 77325, 77326, 77326, 77325, 84699,
65944, 77246, 77235, 77235, 77246, 84694,
65960, 77224, 77213, 77213, 77224, 84693,
65976, 77202, 77279, 77279, 77202, 84692,
65992, 77268, 77257, 77257, 77268, 84695,
66008, 77290, 77368, 77368, 77290, 84696,
66024, 77379, 77325, 77325, 77379, 84699,
66040, 77314, 77388, 77388, 77314, 84698,
66056, 77399, 77301, 77301, 77399, 84697,
66072, 77326, 77379, 77379, 77326, 84699,
66088, 77368, 77289, 77289, 77368, 84696,
66104, 77302, 77399, 77399, 77302, 84697,
66120, 77388, 77313, 77313, 77388, 84698,
66136, 77441, 77442, 77442, 77441, 84700,
66152, 77453, 77454, 77454, 77453, 84701,
66168, 77465, 77466, 77466, 77465, 84702,
66184, 77477, 77478, 77478, 77477, 84703,
66200, 77454, 77488, 77488, 77454, 84701,
66216, 77499, 77500, 77500, 77499, 84704,
66232, 77511, 77512, 77512, 77511, 84705,
66248, 77523, 77441, 77441, 77523, 84700,
66264, 77533, 77511, 77511, 77533, 84705,
66280, 77500, 77542, 77542, 77500, 84704,
66296, 77553, 77523, 77523, 77553, 84700,
66312, 77512, 77533, 77533, 77512, 84705,
66328, 77542, 77499, 77499, 77542, 84704,
66344, 77488, 77578, 77578, 77488, 84701,
66360, 77589, 77453, 77453, 77589, 84701,
66376, 69748, 69519, 69519, 69748, 84500,
66392, 77578, 77589, 77589, 77578, 84701,
66408, 77442, 77614, 77614, 77442, 84700,
66424, 77614, 77553, 77553, 77614, 84700,
66440, 71360, 71125, 71125, 71360, 84541,
66456, 77478, 77640, 77640, 77478, 84703,
66472, 77651, 77465, 77465, 77651, 84702,
66488, 71482, 71413, 71413, 71482, 84548,
66504, 71402, 71425, 71425, 71402, 84547,
66520, 71150, 71473, 71473, 71150, 84542,
66536, 71462, 71493, 71493, 71462, 84549,
66552, 69402, 69731, 69731, 69402, 84496,
66568, 69378, 69413, 69413, 69378, 84494,
66584, 69458, 69479, 69479, 69458, 84498,
66600, 69468, 69389, 69389, 69468, 84495,
66616, 72604, 72725, 72725, 72604, 84571,
66632, 72714, 70793, 70793, 72714, 84523,
66648, 70782, 72615, 72615, 70782, 84529,
66664, 67956, 70091, 70091, 67956, 84450,
66680, 70080, 67967, 67967, 70080, 84449,
66696, 72798, 70721, 70721, 72798, 84524,
66712, 70734, 72809, 72809, 70734, 84525,
66728, 77466, 77651, 77651, 77466, 84702,
66744, 77640, 77477, 77477, 77640, 84703,
