20520, 32738, 32739, 32739, 32738, 48794,
20532, 32749, 32750, 32750, 32749, 48795,
20552, 32762, 32763, 32763, 32762, 48796,
20556, 32773, 32774, 32774, 32773, 48797,
20572, 32785, 32786, 32786, 32785, 48798,
20592, 32797, 32773, 32773, 32797, 48797,
20608, 32807, 32785, 32785, 32807, 48798,
20620, 32817, 32818, 32818, 32817, 48799,
20640, 32829, 32830, 32830, 32829, 48800,
20652, 32774, 32840, 32840, 32774, 48797,
20672, 32851, 32852, 32852, 32851, 48801,
20692, 32863, 32817, 32817, 32863, 48799,
20700, 32873, 32874, 32874, 32873, 48802,
20720, 32885, 32807, 32807, 32885, 48798,
20744, 32830, 32895, 32895, 32830, 48800,
20748, 32852, 32904, 32904, 32852, 48801,
20752, 32913, 32914, 32914, 32913, 48803,
20764, 32925, 32863, 32863, 32925, 48799,
20776, 32934, 32935, 32935, 32934, 48804,
20780, 32945, 32946, 32946, 32945, 48805,
20784, 32955, 32873, 32873, 32955, 48802,
20796, 32965, 32966, 32966, 32965, 48806,
20808, 32895, 32975, 32975, 32895, 48800,
20812, 32985, 32913, 32913, 32985, 48803,
20816, 32904, 32992, 32992, 32904, 48801,
20836, 32992, 33002, 33002, 32992, 48801,
20856, 33014, 33015, 33015, 33014, 48802,
20860, 33015, 32955, 32955, 33015, 48802,
20864, 32946, 33030, 33030, 32946, 48805,
20884, 33030, 33040, 33040, 33030, 48805,
20904, 33052, 32985, 32985, 33052, 48803,
20912, 33061, 33062, 33062, 33061, 48807,
20916, 33071, 33072, 33072, 33071, 48808,
20928, 33083, 33084, 33084, 33083, 48809,
20948, 33095, 33061, 33061, 33095, 48807,
20960, 33105, 33106, 33106, 33105, 48810,
20964, 33115, 33083, 33083, 33115, 48809,
20976, 33072, 33124, 33124, 33072, 48808,
20996, 33135, 33105, 33105, 33135, 48810,
21004, 33084, 33115, 33115, 33084, 48809,
21008, 33106, 33135, 33135, 33106, 48810,
21020, 33124, 33071, 33071, 33124, 48808,
21024, 33062, 33095, 33095, 33062, 48807,
21044, 33173, 32934, 32934, 33173, 48804,
21064, 32914, 33183, 33183, 32914, 48803,
21076, 33183, 33052, 33052, 33183, 48803,
21096, 33040, 33201, 33201, 33040, 48805,
21108, 33201, 32945, 32945, 33201, 48805,
21128, 32966, 33219, 33219, 32966, 48806,
21140, 33219, 33228, 33228, 33219, 48806,
21160, 33240, 33173, 33173, 33240, 48804,
21168, 33249, 33250, 33250, 33249, 48811,
21188, 33261, 33262, 33262, 33261, 48812,
21200, 33273, 33274, 33274, 33273, 48813,
21220, 33285, 33249, 33249, 33285, 48811,
21232, 33295, 33296, 33296, 33295, 48814,
21252, 33307, 33273, 33273, 33307, 48813,
21264, 33262, 33316, 33316, 33262, 48812,
21284, 33327, 33295, 33295, 33327, 48814,
21292, 33274, 33307, 33307, 33274, 48813,
21312, 33296, 33327, 33327, 33296, 48814,
21332, 33316, 33261, 33261, 33316, 48812,
21352, 33250, 33285, 33285, 33250, 48811,
21356, 33369, 32925, 32925, 33369, 48799,
21360, 32935, 33376, 33376, 32935, 48804,
21380, 33376, 33240, 33240, 33376, 48804,
21400, 33228, 33395, 33395, 33228, 48806,
21404, 33395, 32965, 32965, 33395, 48806,
21408, 32975, 33410, 33410, 32975, 48800,
21428, 33410, 32829, 32829, 33410, 48800,
21448, 32818, 33369, 33369, 32818, 48799,
21452, 33437, 33438, 33438, 33437, 48815,
21456, 33447, 33448, 33448, 33447, 48816,
21468, 33459, 33460, 33460, 33459, 48817,
21488, 33471, 33437, 33437, 33471, 48815,
21500, 33481, 33482, 33482, 33481, 48818,
21504, 33491, 33459, 33459, 33491, 48817,
21516, 33448, 33500, 33500, 33448, 48816,
21536, 33511, 33481, 33481, 33511, 48818,
21548, 33460, 33491, 33491, 33460, 48817,
21552, 33482, 33511, 33511, 33482, 48818,
21564, 33500, 33447, 33447, 33500, 48816,
21568, 33438, 33471, 33471, 33438, 48815,
21588, 33549, 32851, 32851, 33549, 48801,
21608, 32840, 33559, 33559, 32840, 48797,
21620, 33559, 32797, 32797, 33559, 48797,
21640, 32786, 33577, 33577, 32786, 48798,
21652, 33577, 32885, 32885, 33577, 48798,
21672, 32874, 33595, 33595, 32874, 48802,
21684, 33595, 33014, 33014, 33595, 48802,
21704, 33002, 33549, 33549, 33002, 48801,
21712, 33621, 33622, 33622, 33621, 48819,
21732, 33633, 33634, 33634, 33633, 48820,
21744, 33645, 33646, 33646, 33645, 48821,
21764, 33657, 33621, 33621, 33657, 48819,
21776, 33667, 33668, 33668, 33667, 48822,
21796, 33679, 33645, 33645, 33679, 48821,
21808, 33634, 33688, 33688, 33634, 48820,
21828, 33699, 33667, 33667, 33699, 48822,
21836, 33646, 33679, 33679, 33646, 48821,
21856, 33668, 33699, 33699, 33668, 48822,
21876, 33688, 33633, 33633, 33688, 48820,
21896, 33622, 33657, 33657, 33622, 48819,
21904, 33741, 33742, 33742, 33741, 48823,
21924, 33753, 32749, 32749, 33753, 48795,
21932, 33763, 33764, 33764, 33763, 48824,
21944, 33774, 33775, 33775, 33774, 48825,
21948, 33742, 33784, 33784, 33742, 48823,
21968, 33795, 33796, 33796, 33795, 48826,
21972, 33805, 33806, 33806, 33805, 48827,
21984, 33806, 33816, 33816, 33806, 48827,
21988, 33825, 33826, 33826, 33825, 48828,
22000, 33837, 33753, 33753, 33837, 48795,
22016, 33847, 33795, 33795, 33847, 48826,
22036, 33784, 33741, 33741, 33784, 48823,
22056, 33866, 33867, 33867, 33866, 48829,
22060, 33877, 33866, 33866, 33877, 48829,
22072, 32763, 33885, 33885, 32763, 48796,
22084, 33895, 33896, 33896, 33895, 48830,
22096, 33907, 33877, 33877, 33907, 48829,
22100, 33885, 33914, 33914, 33885, 48796,
22112, 33925, 33926, 33926, 33925, 48831,
22124, 33937, 33938, 33938, 33937, 48832,
22136, 33948, 33949, 33949, 33948, 48833,
22140, 33959, 33948, 33948, 33959, 48833,
22160, 33969, 33959, 33959, 33969, 48833,
22172, 33979, 33980, 33980, 33979, 48834,
22176, 33989, 33990, 33990, 33989, 48835,
22184, 34000, 34001, 34001, 34000, 48836,
22188, 34011, 34000, 34000, 34011, 48836,
22200, 33938, 34019, 34019, 33938, 48832,
22208, 34029, 34011, 34011, 34029, 48836,
22212, 34019, 34036, 34036, 34019, 48832,
22228, 34047, 34048, 34048, 34047, 48837,
22236, 34059, 34060, 34060, 34059, 48838,
22256, 34071, 34072, 34072, 34071, 48839,
22268, 34072, 34082, 34082, 34072, 48839,
22276, 34093, 34094, 34094, 34093, 48840,
22284, 33980, 34104, 34104, 33980, 48834,
22292, 34094, 34114, 34114, 34094, 48840,
22296, 34122, 33989, 33989, 34122, 48835,
22308, 34104, 34130, 34130, 34104, 48834,
22324, 34143, 34144, 34144, 34143, 48841,
22328, 34152, 34153, 34153, 34152, 48842,
22344, 34153, 34163, 34163, 34153, 48842,
22356, 34060, 34174, 34174, 34060, 48838,
22360, 34182, 34183, 34183, 34182, 48843,
22376, 34194, 34195, 34195, 34194, 48844,
22388, 34207, 34208, 34208, 34207, 48845,
22392, 34216, 34217, 34217, 34216, 48842,
22404, 34217, 34152, 34152, 34217, 48842,
22408, 34144, 34233, 34233, 34144, 48841,
22412, 34243, 34244, 34244, 34243, 48846,
22424, 34254, 34255, 34255, 34254, 48847,
22436, 34233, 34264, 34264, 34233, 48841,
22444, 34275, 34254, 34254, 34275, 48847,
22456, 34284, 34285, 34285, 34284, 48848,
22468, 34297, 34182, 34182, 34297, 48843,
22472, 34174, 34303, 34303, 34174, 48838,
22484, 34315, 34316, 34316, 34315, 48846,
22488, 34324, 34297, 34297, 34324, 48843,
22500, 34333, 34334, 34334, 34333, 48839,
22520, 34082, 34333, 34333, 34082, 48839,
22532, 34353, 34354, 34354, 34353, 48849,
22552, 34366, 34353, 34353, 34366, 48849,
22568, 34376, 34366, 34366, 34376, 48849,
22576, 34354, 34384, 34384, 34354, 48849,
22588, 34395, 34396, 34396, 34395, 48850,
22608, 34407, 34408, 34408, 34407, 48851,
22620, 34419, 34420, 34420, 34419, 48852,
22640, 34431, 34395, 34395, 34431, 48850,
22652, 34441, 34442, 34442, 34441, 48853,
22672, 34453, 34419, 34419, 34453, 48852,
22684, 34408, 34462, 34462, 34408, 48851,
22704, 34473, 34441, 34441, 34473, 48853,
22716, 34396, 34482, 34482, 34396, 48850,
22736, 34493, 34494, 34494, 34493, 48854,
22756, 34505, 34506, 34506, 34505, 48855,
22776, 34518, 34407, 34407, 34518, 48851,
22780, 34527, 34528, 34528, 34527, 48856,
22800, 34539, 34453, 34453, 34539, 48852,
22820, 34442, 34548, 34548, 34442, 48853,
22840, 34560, 34561, 34561, 34560, 48857,
22852, 34571, 34493, 34493, 34571, 48854,
22872, 34482, 34581, 34581, 34482, 48850,
22884, 34581, 34431, 34431, 34581, 48850,
22904, 34420, 34599, 34599, 34420, 48852,
22916, 34599, 34539, 34539, 34599, 48852,
22936, 34528, 34617, 34617, 34528, 48856,
22948, 34617, 34626, 34626, 34617, 48856,
22968, 34638, 34571, 34571, 34638, 48854,
22972, 34647, 34648, 34648, 34647, 48858,
22992, 34659, 34660, 34660, 34659, 48859,
23004, 34671, 34672, 34672, 34671, 48860,
23024, 34683, 34647, 34647, 34683, 48858,
23036, 34693, 34694, 34694, 34693, 48861,
23056, 34705, 34671, 34671, 34705, 48860,
23068, 34660, 34714, 34714, 34660, 48859,
23088, 34725, 34693, 34693, 34725, 48861,
23100, 34672, 34705, 34705, 34672, 48860,
23120, 34694, 34725, 34725, 34694, 48861,
23140, 34714, 34659, 34659, 34714, 48859,
23160, 34648, 34683, 34683, 34648, 48858,
23172, 34767, 34505, 34505, 34767, 48855,
23192, 34494, 34777, 34777, 34494, 48854,
23204, 34777, 34638, 34638, 34777, 48854,
23224, 34626, 34795, 34795, 34626, 48856,
23236, 34795, 34527, 34527, 34795, 48856,
23256, 34561, 34813, 34813, 34561, 48857,
23268, 34813, 34822, 34822, 34813, 48857,
23288, 34834, 34767, 34767, 34834, 48855,
23292, 34843, 34844, 34844, 34843, 48862,
23312, 34855, 34856, 34856, 34855, 48863,
23324, 34867, 34868, 34868, 34867, 48864,
23344, 34879, 34843, 34843, 34879, 48862,
23356, 34889, 34890, 34890, 34889, 48865,
23376, 34901, 34867, 34867, 34901, 48864,
23388, 34856, 34910, 34910, 34856, 48863,
23408, 34921, 34889, 34889, 34921, 48865,
23420, 34868, 34901, 34901, 34868, 48864,
23440, 34890, 34921, 34921, 34890, 48865,
23460, 34910, 34855, 34855, 34910, 48863,
23480, 34844, 34879, 34879, 34844, 48862,
23492, 34963, 34518, 34518, 34963, 48851,
23512, 34506, 34973, 34973, 34506, 48855,
23524, 34973, 34834, 34834, 34973, 48855,
23544, 34822, 34991, 34991, 34822, 48857,
23556, 34991, 34560, 34560, 34991, 48857,
23576, 34548, 35009, 35009, 34548, 48853,
23588, 35009, 34473, 34473, 35009, 48853,
23608, 34462, 34963, 34963, 34462, 48851,
23612, 35035, 35036, 35036, 35035, 48866,
23632, 35047, 35048, 35048, 35047, 48867,
23644, 35059, 35060, 35060, 35059, 48868,
23664, 35071, 35035, 35035, 35071, 48866,
23676, 35081, 35082, 35082, 35081, 48869,
23696, 35093, 35059, 35059, 35093, 48868,
23708, 35048, 35102, 35102, 35048, 48867,
23728, 35113, 35081, 35081, 35113, 48869,
23740, 35060, 35093, 35093, 35060, 48868,
23760, 35082, 35113, 35113, 35082, 48869,
23780, 35102, 35047, 35047, 35102, 48867,
23800, 35036, 35071, 35071, 35036, 48866,
23808, 35155, 35156, 35156, 35155, 48870,
23812, 35165, 34143, 34143, 35165, 48841,
23828, 35177, 35178, 35178, 35177, 48844,
23832, 35186, 35187, 35187, 35186, 48848,
23836, 35156, 35196, 35196, 35156, 48870,
23848, 34264, 35165, 35165, 34264, 48841,
23860, 35187, 34284, 34284, 35187, 48848,
23880, 35222, 35223, 35223, 35222, 48871,
23884, 35233, 35234, 35234, 35233, 48871,
23908, 35245, 35233, 35233, 35245, 48871,
23928, 35256, 35257, 35257, 35256, 48872,
23940, 35267, 35268, 35268, 35267, 48873,
23948, 35279, 35280, 35280, 35279, 48874,
23968, 35291, 35292, 35292, 35291, 48875,
23980, 35303, 35304, 35304, 35303, 48876,
24000, 35315, 35279, 35279, 35315, 48874,
24024, 35326, 35327, 35327, 35326, 48872,
24036, 35327, 35338, 35338, 35327, 48872,
24040, 35346, 35347, 35347, 35346, 48877,
24044, 35357, 35358, 35358, 35357, 48878,
24060, 35292, 35368, 35368, 35292, 48875,
24080, 35379, 35357, 35357, 35379, 48878,
24104, 35234, 35389, 35389, 35234, 48871,
24116, 35389, 35222, 35222, 35389, 48871,
24132, 35407, 35408, 35408, 35407, 48879,
24144, 35421, 35422, 35422, 35421, 48880,
24152, 35432, 35433, 35433, 35432, 48877,
24164, 35408, 35442, 35442, 35408, 48879,
24172, 35453, 35454, 35454, 35453, 48881,
24176, 35463, 35464, 35464, 35463, 48882,
24180, 35473, 35474, 35474, 35473, 48883,
24184, 35482, 35483, 35483, 35482, 48884,
24188, 35442, 35492, 35492, 35442, 48879,
24192, 35501, 35463, 35463, 35501, 48882,
24196, 35454, 35508, 35508, 35454, 48881,
24208, 35508, 35453, 35453, 35508, 48881,
24212, 35483, 35526, 35526, 35483, 48884,
24216, 35534, 35256, 35256, 35534, 48872,
24220, 35338, 35534, 35534, 35338, 48872,
24224, 35526, 35482, 35482, 35526, 48884,
24228, 35474, 35554, 35554, 35474, 48883,
24232, 35562, 35346, 35346, 35562, 48877,
24236, 35492, 35570, 35570, 35492, 48879,
24240, 35579, 35562, 35562, 35579, 48877,
24244, 35554, 35473, 35473, 35554, 48883,
24248, 35464, 35501, 35501, 35464, 48882,
24256, 35599, 35303, 35303, 35599, 48876,
24276, 35347, 35432, 35432, 35347, 48877,
24284, 35422, 35616, 35616, 35422, 48880,
24308, 34244, 34315, 34315, 34244, 48846,
24320, 34303, 35634, 35634, 34303, 48838,
24336, 35645, 35155, 35155, 35645, 48870,
24348, 35570, 35407, 35407, 35570, 48879,
24360, 35433, 35579, 35579, 35433, 48877,
24372, 35196, 35668, 35668, 35196, 48870,
24392, 35680, 33925, 33925, 35680, 48831,
24396, 35689, 35680, 35680, 35689, 48831,
24424, 35700, 35701, 35701, 35700, 48828,
24428, 33826, 35700, 35700, 33826, 48828,
24456, 35720, 33837, 33837, 35720, 48795,
24460, 32750, 35720, 35720, 32750, 48795,
24488, 35738, 32762, 32762, 35738, 48796,
24492, 33914, 35738, 35738, 33914, 48796,
24520, 35756, 34047, 34047, 35756, 48837,
24532, 33926, 35764, 35764, 33926, 48831,
24544, 35764, 35689, 35689, 35764, 48831,
24564, 35701, 35784, 35784, 35701, 48828,
24568, 35792, 32738, 32738, 35792, 48794,
24572, 34163, 34216, 34216, 34163, 48842,
24576, 34208, 35806, 35806, 34208, 48845,
24588, 33816, 33805, 33805, 33816, 48827,
24592, 33796, 35822, 35822, 33796, 48826,
24596, 35831, 35792, 35792, 35831, 48794,
24600, 35784, 33825, 33825, 35784, 48828,
24608, 35634, 34059, 34059, 35634, 48838,
24632, 35854, 35855, 35855, 35854, 48835,
24640, 35867, 35868, 35868, 35867, 48885,
24648, 34384, 34376, 34376, 34384, 48849,
24652, 34114, 34093, 34093, 34114, 48840,
24664, 35855, 34122, 34122, 35855, 48835,
24680, 35868, 35899, 35899, 35868, 48885,
24684, 34334, 34071, 34071, 34334, 48839,
24692, 35806, 34207, 34207, 35806, 48845,
24704, 35899, 35867, 35867, 35899, 48885,
24724, 33867, 35934, 35934, 33867, 48829,
24728, 35942, 33895, 33895, 35942, 48830,
24732, 33990, 35854, 35854, 33990, 48835,
24756, 35257, 35960, 35960, 35257, 48872,
24760, 35968, 35267, 35267, 35968, 48873,
24764, 35960, 35326, 35326, 35960, 48872,
24776, 35268, 35968, 35968, 35268, 48873,
24788, 34183, 35990, 35990, 34183, 48843,
24796, 36001, 34243, 34243, 36001, 48846,
24800, 34255, 34275, 34275, 34255, 48847,
24804, 34285, 36014, 36014, 34285, 48848,
24808, 36022, 36023, 36023, 36022, 48886,
24812, 34316, 36001, 36001, 34316, 48846,
24816, 36023, 36038, 36038, 36023, 48886,
24824, 35990, 34324, 34324, 35990, 48843,
24832, 36038, 36022, 36022, 36038, 48886,
24836, 36014, 35186, 35186, 36014, 48848,
24840, 35178, 34194, 34194, 35178, 48844,
24852, 36077, 36078, 36078, 36077, 48887,
24856, 36086, 35177, 35177, 36086, 48844,
24872, 36096, 36077, 36077, 36096, 48887,
24884, 34195, 36086, 36086, 34195, 48844,
24888, 36078, 36096, 36096, 36078, 48887,
24892, 35668, 35645, 35645, 35668, 48870,
24900, 35223, 35245, 35245, 35223, 48871,
24920, 36136, 33847, 33847, 36136, 48826,
24924, 35822, 36136, 36136, 35822, 48826,
24936, 36152, 35831, 35831, 36152, 48794,
24940, 32739, 36152, 36152, 32739, 48794,
24964, 33764, 36168, 36168, 33764, 48824,
24976, 36168, 33763, 33763, 36168, 48824,
24980, 33775, 36184, 36184, 33775, 48825,
24992, 36184, 33774, 33774, 36184, 48825,
25012, 36203, 36204, 36204, 36203, 48888,
25024, 36204, 36214, 36214, 36204, 48888,
25028, 36223, 36224, 36224, 36223, 48889,
25040, 36224, 36234, 36234, 36224, 48889,
25064, 36246, 36247, 36247, 36246, 48890,
25068, 36257, 36246, 36246, 36257, 48890,
25080, 36266, 36267, 36267, 36266, 48891,
25084, 36277, 36266, 36266, 36277, 48891,
25104, 36289, 36290, 36290, 36289, 48892,
25112, 36300, 36301, 36301, 36300, 48893,
25116, 36311, 36312, 36312, 36311, 48894,
25120, 36321, 36322, 36322, 36321, 48895,
25132, 36333, 36311, 36311, 36333, 48894,
25148, 36343, 36321, 36321, 36343, 48895,
25152, 36312, 36333, 36333, 36312, 48894,
25164, 36359, 36360, 36360, 36359, 48895,
25168, 36369, 36370, 36370, 36369, 48896,
25172, 36379, 36380, 36380, 36379, 48897,
25180, 36391, 36392, 36392, 36391, 48898,
25188, 36380, 36402, 36402, 36380, 48897,
25192, 36410, 36411, 36411, 36410, 48899,
25196, 36402, 36379, 36379, 36402, 48897,
25200, 36370, 36426, 36426, 36370, 48896,
25204, 36435, 36436, 36436, 36435, 48900,
25208, 36444, 36410, 36410, 36444, 48899,
25216, 36392, 36452, 36452, 36392, 48898,
25228, 36463, 36464, 36464, 36463, 48901,
25240, 36474, 36475, 36475, 36474, 48902,
25244, 36485, 36463, 36463, 36485, 48901,
25248, 36475, 36492, 36492, 36475, 48902,
25272, 36504, 36505, 36505, 36504, 48903,
25276, 36515, 36516, 36516, 36515, 48904,
25288, 36526, 36527, 36527, 36526, 48905,
25300, 36537, 36538, 36538, 36537, 48906,
25312, 36551, 36552, 36552, 36551, 48907,
25320, 36562, 36563, 36563, 36562, 48908,
25324, 36573, 36574, 36574, 36573, 48909,
25328, 36583, 36584, 36584, 36583, 48903,
25340, 36538, 36594, 36594, 36538, 48906,
25356, 36605, 36606, 36606, 36605, 48910,
25364, 36594, 36537, 36537, 36594, 48906,
25372, 36584, 36504, 36504, 36584, 48903,
25396, 36633, 36634, 36634, 36633, 48911,
25404, 36645, 36646, 36646, 36645, 48912,
25408, 36655, 36257, 36257, 36655, 48890,
25412, 36267, 36662, 36662, 36267, 48891,
25416, 36670, 36671, 36671, 36670, 48913,
25428, 36552, 36682, 36682, 36552, 48907,
25432, 36690, 36691, 36691, 36690, 48914,
25436, 36701, 36655, 36655, 36701, 48890,
25440, 36646, 36708, 36708, 36646, 48912,
25460, 36719, 36720, 36720, 36719, 48915,
25472, 36720, 36730, 36730, 36720, 48915,
25484, 36741, 36742, 36742, 36741, 48916,
25512, 36754, 36755, 36755, 36754, 48917,
25516, 36765, 36754, 36754, 36765, 48917,
25544, 36776, 36777, 36777, 36776, 48918,
25548, 36787, 36776, 36776, 36787, 48918,
25576, 36798, 36799, 36799, 36798, 48912,
25580, 36708, 36798, 36798, 36708, 48912,
25608, 36818, 36719, 36719, 36818, 48915,
25612, 36827, 36818, 36818, 36827, 48915,
25632, 36301, 36836, 36836, 36301, 48893,
25644, 36847, 36848, 36848, 36847, 48919,
25656, 36858, 36859, 36859, 36858, 48920,
25668, 36869, 36300, 36300, 36869, 48893,
25684, 36634, 36878, 36878, 36634, 48911,
25696, 36889, 36890, 36890, 36889, 48899,
25720, 36902, 36903, 36903, 36902, 48921,
25728, 36913, 36914, 36914, 36913, 48919,
25748, 36925, 36926, 36926, 36925, 48922,
25756, 36937, 36938, 36938, 36937, 48923,
25760, 36947, 36948, 36948, 36947, 48924,
25764, 36957, 36847, 36847, 36957, 48919,
25768, 36859, 36963, 36963, 36859, 48920,
25772, 36973, 36957, 36957, 36973, 48919,
25776, 36948, 36980, 36980, 36948, 48924,
25780, 36989, 36990, 36990, 36989, 48925,
25784, 36998, 36999, 36999, 36998, 48902,
25788, 37009, 36998, 36998, 37009, 48902,
25792, 36990, 37016, 37016, 36990, 48925,
25796, 37025, 37026, 37026, 37025, 48926,
25808, 37026, 37038, 37038, 37026, 48926,
25812, 37047, 36937, 36937, 37047, 48923,
25816, 36963, 37053, 37053, 36963, 48920,
25820, 37016, 36989, 36989, 37016, 48925,
25824, 36980, 36947, 36947, 36980, 48924,
25828, 36938, 37047, 37047, 36938, 48923,
25832, 37038, 37025, 37025, 37038, 48926,
25840, 37053, 37086, 37086, 37053, 48920,
25852, 36848, 36913, 36913, 36848, 48919,
25860, 36903, 37104, 37104, 36903, 48921,
25872, 37086, 36858, 36858, 37086, 48920,
25888, 37123, 37124, 37124, 37123, 48892,
25900, 37124, 37134, 37134, 37124, 48892,
25924, 37145, 37146, 37146, 37145, 48927,
25944, 37158, 37159, 37159, 37158, 48928,
25960, 37170, 37145, 37145, 37170, 48927,
25964, 36914, 36973, 36973, 36914, 48919,
25968, 36999, 37184, 37184, 36999, 48902,
25980, 37184, 36474, 36474, 37184, 48902,
26004, 37203, 37204, 37204, 37203, 48929,
26024, 37216, 36925, 36925, 37216, 48922,
26036, 37159, 37224, 37224, 37159, 48928,
26056, 37236, 37203, 37203, 37236, 48929,
26064, 36464, 36485, 36485, 36464, 48901,
26076, 36492, 37009, 37009, 36492, 48902,
26096, 37261, 36289, 36289, 37261, 48892,
26120, 37134, 37261, 37261, 37134, 48892,
26124, 36290, 37123, 37123, 36290, 48892,
26144, 37287, 37288, 37288, 37287, 48896,
26156, 37299, 37300, 37300, 37299, 48930,
26168, 36836, 37309, 37309, 36836, 48893,
26172, 37288, 36369, 36369, 37288, 48896,
26176, 36360, 36343, 36343, 36360, 48895,
26192, 37333, 37299, 37299, 37333, 48930,
26196, 37309, 36869, 36869, 37309, 48893,
26204, 37349, 37350, 37350, 37349, 48931,
26224, 37361, 37362, 37362, 37361, 48932,
26244, 37373, 37374, 37374, 37373, 48933,
26264, 37386, 37387, 37387, 37386, 48934,
26276, 37397, 37373, 37373, 37397, 48933,
26296, 37362, 37407, 37407, 37362, 48932,
26308, 37417, 37386, 37386, 37417, 48934,
26328, 37374, 37397, 37397, 37374, 48933,
26340, 37435, 37349, 37349, 37435, 48931,
26360, 37387, 37417, 37417, 37387, 48934,
26372, 37407, 37361, 37361, 37407, 48932,
26392, 37350, 37435, 37435, 37350, 48931,
26396, 37469, 37470, 37470, 37469, 48935,
26416, 37481, 37482, 37482, 37481, 48936,
26428, 37482, 37492, 37492, 37482, 48936,
26448, 37503, 37504, 37504, 37503, 48937,
26460, 37504, 37514, 37514, 37504, 48937,
26480, 37525, 37526, 37526, 37525, 48938,
26492, 37526, 37536, 37536, 37526, 48938,
26512, 37547, 37469, 37469, 37547, 48935,
26524, 37557, 37558, 37558, 37557, 48939,
26544, 37569, 37570, 37570, 37569, 48940,
26564, 37581, 37582, 37582, 37581, 48941,
26584, 37594, 37595, 37595, 37594, 48942,
26596, 37605, 37581, 37581, 37605, 48941,
26616, 37570, 37615, 37615, 37570, 48940,
26628, 37625, 37594, 37594, 37625, 48942,
26648, 37582, 37605, 37605, 37582, 48941,
26660, 37643, 37557, 37557, 37643, 48939,
26680, 37595, 37625, 37625, 37595, 48942,
26692, 37615, 37569, 37569, 37615, 48940,
26712, 37558, 37643, 37643, 37558, 48939,
26716, 37677, 37525, 37525, 37677, 48938,
26736, 37514, 37686, 37686, 37514, 48937,
26748, 37686, 37696, 37696, 37686, 48937,
26768, 37707, 37708, 37708, 37707, 48943,
26780, 37708, 37718, 37718, 37708, 48943,
26800, 37729, 37730, 37730, 37729, 48944,
26812, 37730, 37740, 37740, 37730, 48944,
26832, 37751, 37677, 37677, 37751, 48938,
26844, 37761, 37762, 37762, 37761, 48945,
26864, 37773, 37774, 37774, 37773, 48946,
26884, 37785, 37786, 37786, 37785, 48947,
26904, 37798, 37799, 37799, 37798, 48948,
26916, 37809, 37785, 37785, 37809, 48947,
26936, 37774, 37819, 37819, 37774, 48946,
26948, 37829, 37798, 37798, 37829, 48948,
26968, 37786, 37809, 37809, 37786, 48947,
26980, 37847, 37761, 37761, 37847, 48945,
27000, 37799, 37829, 37829, 37799, 48948,
27012, 37819, 37773, 37773, 37819, 48946,
27032, 37762, 37847, 37847, 37762, 48945,
27036, 37881, 37729, 37729, 37881, 48944,
27056, 37718, 37890, 37890, 37718, 48943,
27068, 37890, 37900, 37900, 37890, 48943,
27088, 37911, 37912, 37912, 37911, 48949,
27100, 37912, 37922, 37922, 37912, 48949,
27120, 37933, 37934, 37934, 37933, 48950,
27132, 37934, 37944, 37944, 37934, 48950,
27152, 37955, 37881, 37881, 37955, 48944,
27164, 37696, 37503, 37503, 37696, 48937,
27184, 37492, 37972, 37972, 37492, 48936,
27204, 37983, 37911, 37911, 37983, 48949,
27224, 37900, 37707, 37707, 37900, 48943,
27228, 38001, 37547, 37547, 38001, 48935,
27248, 37536, 37751, 37751, 37536, 48938,
27268, 37740, 37955, 37955, 37740, 48944,
27288, 37944, 38027, 38027, 37944, 48950,
27300, 38037, 37481, 37481, 38037, 48936,
27320, 37470, 38047, 38047, 37470, 48935,
27332, 38057, 37983, 37983, 38057, 48949,
27352, 37972, 38037, 38037, 37972, 48936,
27364, 38075, 37933, 37933, 38075, 48950,
27384, 37922, 38057, 38057, 37922, 48949,
27396, 38047, 38001, 38001, 38047, 48935,
27416, 38027, 38075, 38075, 38027, 48950,
27428, 36606, 38108, 38108, 36606, 48910,
27436, 38119, 36605, 36605, 38119, 48910,
27452, 38129, 38119, 38119, 38129, 48910,
27472, 38108, 38129, 38129, 38108, 48910,
27484, 38147, 38148, 38148, 38147, 48908,
27504, 36563, 38147, 38147, 36563, 48908,
27516, 38167, 36391, 36391, 38167, 48898,
27520, 36411, 36889, 36889, 36411, 48899,
27532, 36878, 38182, 38182, 36878, 48911,
27536, 38191, 38167, 38167, 38191, 48898,
27548, 36426, 37287, 37287, 36426, 48896,
27560, 38208, 36435, 36435, 38208, 48900,
27568, 37300, 38216, 38216, 37300, 48930,
27580, 36436, 38208, 38208, 36436, 48900,
27592, 36890, 36444, 36444, 36890, 48899,
27596, 38216, 38240, 38240, 38216, 48930,
27600, 38249, 38250, 38250, 38249, 48914,
27612, 38250, 36690, 36690, 38250, 48914,
27616, 36682, 36551, 36551, 36682, 48907,
27628, 36322, 36359, 36359, 36322, 48895,
27644, 36452, 38191, 38191, 36452, 48898,
27648, 38182, 38288, 38288, 38182, 48911,
27660, 36691, 38298, 38298, 36691, 48914,
27676, 38298, 38249, 38249, 38298, 48914,
27680, 38240, 37333, 37333, 38240, 48930,
27696, 38323, 38324, 38324, 38323, 48951,
27712, 38337, 36573, 36573, 38337, 48909,
27720, 38148, 38345, 38345, 38148, 48908,
27732, 38345, 36562, 36562, 38345, 48908,
27752, 38288, 36633, 36633, 38288, 48911,
27760, 38371, 36741, 36741, 38371, 48916,
27776, 38381, 38382, 38382, 38381, 48952,
27780, 38391, 38392, 38392, 38391, 48953,
27788, 38382, 38402, 38402, 38382, 48952,
27800, 38412, 38391, 38391, 38412, 48953,
27804, 38421, 38412, 38412, 38421, 48953,
27812, 36505, 38430, 38430, 36505, 48903,
27816, 38438, 38439, 38439, 38438, 48951,
27828, 38449, 38450, 38450, 38449, 48954,
27848, 38462, 38449, 38449, 38462, 48954,
27852, 38471, 38462, 38462, 38471, 48954,
27864, 38402, 38479, 38479, 38402, 48952,
27876, 36730, 36827, 36827, 36730, 48915,
27888, 36755, 38496, 38496, 36755, 48917,
27892, 38505, 38506, 38506, 38505, 48904,
27904, 38517, 36526, 36526, 38517, 48905,
27916, 38496, 38526, 38526, 38496, 48917,
27928, 38536, 38505, 38505, 38536, 48904,
27932, 36516, 38536, 38536, 36516, 48904,
27952, 38553, 38554, 38554, 38553, 48955,
27972, 38565, 36277, 36277, 38565, 48891,
27988, 38575, 36787, 36787, 38575, 48918,
28000, 36799, 36645, 36645, 36799, 48912,
28004, 36671, 38590, 38590, 36671, 48913,
28016, 38590, 36670, 36670, 38590, 48913,
28020, 36662, 38565, 38565, 36662, 48891,
28040, 38554, 38615, 38615, 38554, 48955,
28044, 36214, 36203, 36203, 36214, 48888,
28056, 36234, 36223, 36223, 36234, 48889,
28064, 38639, 38575, 38575, 38639, 48918,
28084, 38615, 38553, 38553, 38615, 48955,
28092, 38657, 38658, 38658, 38657, 48956,
28112, 38669, 38670, 38670, 38669, 48957,
28132, 38681, 38682, 38682, 38681, 48958,
28152, 38694, 38695, 38695, 38694, 48959,
28160, 38705, 38681, 38681, 38705, 48958,
28180, 38670, 38714, 38714, 38670, 48957,
28192, 38725, 38694, 38694, 38725, 48959,
28212, 38682, 38705, 38705, 38682, 48958,
28224, 38743, 38657, 38657, 38743, 48956,
28244, 38695, 38725, 38725, 38695, 48959,
28256, 38714, 38669, 38669, 38714, 48957,
28276, 38658, 38743, 38743, 38658, 48956,
28284, 38777, 38778, 38778, 38777, 48960,
28304, 38789, 38790, 38790, 38789, 48961,
28316, 38790, 38800, 38800, 38790, 48961,
28336, 38811, 38812, 38812, 38811, 48962,
28348, 38812, 38822, 38822, 38812, 48962,
28368, 38833, 38834, 38834, 38833, 48963,
28380, 38834, 38844, 38844, 38834, 48963,
28400, 38855, 38777, 38777, 38855, 48960,
28412, 38865, 38866, 38866, 38865, 48964,
28416, 38875, 38876, 38876, 38875, 48965,
28428, 38887, 38888, 38888, 38887, 48966,
28432, 38897, 38898, 38898, 38897, 48967,
28452, 38909, 38887, 38887, 38909, 48966,
28472, 38876, 38919, 38919, 38876, 48965,
28476, 38888, 38909, 38909, 38888, 48966,
28488, 38936, 38897, 38897, 38936, 48967,
28500, 38945, 38865, 38865, 38945, 48964,
28520, 38898, 38936, 38936, 38898, 48967,
28524, 38866, 38945, 38945, 38866, 48964,
28536, 38919, 38875, 38875, 38919, 48965,
28540, 38977, 38978, 38978, 38977, 48968,
28560, 38989, 38990, 38990, 38989, 48969,
28572, 38990, 39000, 39000, 38990, 48969,
28576, 39009, 39010, 39010, 39009, 48970,
28588, 39010, 39020, 39020, 39010, 48970,
28608, 39031, 39032, 39032, 39031, 48971,
28620, 39032, 39042, 39042, 39032, 48971,
28624, 39051, 38977, 38977, 39051, 48968,
28636, 39061, 39062, 39062, 39061, 48972,
28656, 39073, 39074, 39074, 39073, 48973,
28676, 39085, 39086, 39086, 39085, 48974,
28696, 39098, 39099, 39099, 39098, 48975,
28704, 39109, 39085, 39085, 39109, 48974,
28724, 39074, 39118, 39118, 39074, 48973,
28736, 39129, 39098, 39098, 39129, 48975,
28756, 39086, 39109, 39109, 39086, 48974,
28768, 39147, 39061, 39061, 39147, 48972,
28788, 39099, 39129, 39129, 39099, 48975,
28800, 39118, 39073, 39073, 39118, 48973,
28820, 39062, 39147, 39147, 39062, 48972,
28828, 39181, 39031, 39031, 39181, 48971,
28848, 39020, 39190, 39190, 39020, 48970,
28860, 39190, 39200, 39200, 39190, 48970,
28880, 39211, 39212, 39212, 39211, 48976,
28892, 39212, 39222, 39222, 39212, 48976,
28912, 39233, 39234, 39234, 39233, 48977,
28924, 39234, 39244, 39244, 39234, 48977,
28944, 39255, 39181, 39181, 39255, 48971,
28956, 39265, 39266, 39266, 39265, 48978,
28960, 39275, 39276, 39276, 39275, 48979,
28972, 39287, 39288, 39288, 39287, 48980,
28976, 39297, 39298, 39298, 39297, 48981,
28992, 39309, 39287, 39287, 39309, 48980,
29012, 39276, 39318, 39318, 39276, 48979,
29024, 39329, 39297, 39297, 39329, 48981,
29028, 39288, 39309, 39309, 39288, 48980,
29040, 39345, 39265, 39265, 39345, 48978,
29060, 39298, 39329, 39329, 39298, 48981,
29072, 39318, 39275, 39275, 39318, 48979,
29076, 39266, 39345, 39345, 39266, 48978,
29084, 39377, 39233, 39233, 39377, 48977,
29104, 39222, 39386, 39386, 39222, 48976,
29116, 39386, 39396, 39396, 39386, 48976,
29120, 39405, 39406, 39406, 39405, 48961,
29132, 39406, 38789, 38789, 39406, 48961,
29152, 38778, 39424, 39424, 38778, 48960,
29164, 39424, 39434, 39434, 39424, 48960,
29168, 39443, 39377, 39377, 39443, 48977,
29180, 39200, 39009, 39009, 39200, 48970,
29184, 39000, 39458, 39458, 39000, 48969,
29196, 39396, 39211, 39211, 39396, 48976,
29208, 39476, 39405, 39405, 39476, 48961,
29212, 39485, 39051, 39051, 39485, 48968,
29216, 39042, 39255, 39255, 39042, 48971,
29228, 39434, 39500, 39500, 39434, 48960,
29240, 39244, 39443, 39443, 39244, 48977,
29244, 39458, 39516, 39516, 39458, 48969,
29268, 39527, 38811, 38811, 39527, 48962,
29288, 38800, 39476, 39476, 38800, 48961,
29296, 39545, 39485, 39485, 39545, 48968,
29316, 39500, 38855, 38855, 39500, 48960,
29336, 38844, 39563, 39563, 38844, 48963,
29348, 39516, 38989, 38989, 39516, 48969,
29368, 38978, 39545, 39545, 38978, 48968,
29380, 39589, 39527, 39527, 39589, 48962,
29396, 39599, 38833, 38833, 39599, 48963,
29416, 38822, 39589, 39589, 38822, 48962,
29432, 39563, 39599, 39599, 39563, 48963,
29436, 38526, 36765, 36765, 38526, 48917,
29456, 36777, 38639, 38639, 36777, 48918,
29468, 36247, 36701, 36701, 36247, 48890,
29488, 39649, 39650, 39650, 39649, 48982,
29492, 39659, 39660, 39660, 39659, 48983,
29508, 39660, 39672, 39672, 39660, 48983,
29512, 39680, 39681, 39681, 39680, 48984,
29516, 39691, 39692, 39692, 39691, 48985,
29520, 39701, 39649, 39649, 39701, 48982,
29540, 39681, 39710, 39710, 39681, 48984,
29560, 39722, 39723, 39723, 39722, 48986,
29572, 39723, 39734, 39734, 39723, 48986,
29576, 39742, 39743, 39743, 39742, 48987,
29588, 39753, 39754, 39754, 39753, 48988,
29604, 39743, 39764, 39764, 39743, 48987,
29620, 39775, 39776, 39776, 39775, 48989,
29636, 39787, 39788, 39788, 39787, 48990,
29652, 39776, 39800, 39800, 39776, 48989,
29656, 39808, 39809, 39809, 39808, 48991,
29660, 39809, 39818, 39818, 39809, 48991,
29688, 39830, 39831, 39831, 39830, 48992,
29704, 39842, 39753, 39753, 39842, 48988,
29716, 39831, 39850, 39850, 39831, 48992,
29728, 39861, 39787, 39787, 39861, 48990,
29744, 39871, 39872, 39872, 39871, 48993,
29756, 39872, 39882, 39882, 39872, 48993,
29772, 34048, 39892, 39892, 34048, 48837,
29788, 39754, 39842, 39842, 39754, 48988,
29816, 39850, 39830, 39830, 39850, 48992,
29824, 39919, 39722, 39722, 39919, 48986,
29844, 39818, 39808, 39808, 39818, 48991,
29848, 39800, 39935, 39935, 39800, 48989,
29852, 39650, 39944, 39944, 39650, 48982,
29860, 39935, 39954, 39954, 39935, 48989,
29864, 39962, 39659, 39659, 39962, 48983,
29868, 39971, 39919, 39919, 39971, 48986,
29880, 39944, 39979, 39979, 39944, 48982,
29884, 39989, 39962, 39962, 39989, 48983,
29888, 39954, 39775, 39775, 39954, 48989,
29900, 40005, 39742, 39742, 40005, 48987,
29904, 39734, 39971, 39971, 39734, 48986,
29908, 39979, 39701, 39701, 39979, 48982,
29912, 39692, 40023, 40023, 39692, 48985,
29916, 40033, 39680, 39680, 40033, 48984,
29920, 39672, 39989, 39989, 39672, 48983,
29928, 40048, 40049, 40049, 40048, 48994,
29940, 39882, 39871, 39871, 39882, 48993,
29952, 39788, 39861, 39861, 39788, 48990,
29976, 40076, 40048, 40048, 40076, 48994,
29980, 40085, 40076, 40076, 40085, 48994,
29992, 39892, 40093, 40093, 39892, 48837,
30004, 40105, 40085, 40085, 40105, 48994,
30008, 40093, 35756, 35756, 40093, 48837,
30012, 40049, 40105, 40105, 40049, 48994,
30024, 40126, 40033, 40033, 40126, 48984,
30028, 40023, 40134, 40134, 40023, 48985,
30040, 40144, 40005, 40005, 40144, 48987,
30048, 39764, 40144, 40144, 39764, 48987,
30064, 40161, 39691, 39691, 40161, 48985,
30084, 40134, 40161, 40161, 40134, 48985,
30096, 39710, 40126, 40126, 39710, 48984,
30112, 40187, 40188, 40188, 40187, 48995,
30116, 40197, 40198, 40198, 40197, 48996,
30132, 40198, 40210, 40210, 40198, 48996,
30136, 40218, 34029, 34029, 40218, 48836,
30140, 34130, 40226, 40226, 34130, 48834,
30144, 40235, 40187, 40187, 40235, 48995,
30156, 40188, 40235, 40235, 40188, 48995,
30160, 40226, 33979, 33979, 40226, 48834,
30164, 34001, 40218, 40218, 34001, 48836,
30168, 40210, 40197, 40197, 40210, 48996,
30172, 34036, 40268, 40268, 34036, 48832,
30176, 40277, 40278, 40278, 40277, 48997,
30192, 40278, 40288, 40288, 40278, 48997,
30196, 40297, 40298, 40298, 40297, 48998,
30212, 40298, 40310, 40310, 40298, 48998,
30216, 40318, 33969, 33969, 40318, 48833,
30220, 40288, 40277, 40277, 40288, 48997,
30224, 40268, 33937, 33937, 40268, 48832,
30228, 33949, 40318, 40318, 33949, 48833,
30232, 40310, 40297, 40297, 40310, 48998,
30240, 40351, 40352, 40352, 40351, 48999,
30244, 40361, 40362, 40362, 40361, 49000,
30252, 40373, 40374, 40374, 40373, 49001,
30256, 40383, 40351, 40351, 40383, 48999,
30276, 40362, 40394, 40394, 40362, 49000,
30280, 40402, 40403, 40403, 40402, 49002,
30288, 40413, 40373, 40373, 40413, 49001,
30300, 40423, 40424, 40424, 40423, 49003,
30316, 40435, 40436, 40436, 40435, 49004,
30320, 40445, 40423, 40423, 40445, 49003,
30336, 40455, 40456, 40456, 40455, 49005,
30352, 40467, 40435, 40435, 40467, 49004,
30368, 40477, 40478, 40478, 40477, 49006,
30384, 40489, 40490, 40490, 40489, 49007,
30396, 40501, 40502, 40502, 40501, 49008,
30400, 40511, 40477, 40477, 40511, 49006,
30424, 40522, 40501, 40501, 40522, 49008,
30428, 40531, 40532, 40532, 40531, 49009,
30444, 40456, 40542, 40542, 40456, 49005,
30464, 40553, 40531, 40531, 40553, 49009,
30484, 40490, 40562, 40562, 40490, 49007,
30500, 40573, 40574, 40574, 40573, 49010,
30520, 40586, 40573, 40573, 40586, 49010,
30536, 40596, 38371, 38371, 40596, 48916,
30552, 40542, 40455, 40455, 40542, 49005,
30556, 40532, 40553, 40553, 40532, 49009,
30580, 40424, 40620, 40620, 40424, 49003,
30588, 40631, 40511, 40511, 40631, 49006,
30592, 40502, 40522, 40522, 40502, 49008,
30604, 40352, 40646, 40646, 40352, 48999,
30608, 40655, 40631, 40631, 40655, 49006,
30616, 40664, 40361, 40361, 40664, 49000,
30620, 40673, 40664, 40664, 40673, 49000,
30632, 40620, 40681, 40681, 40620, 49003,
30644, 40478, 40655, 40655, 40478, 49006,
30648, 40646, 40697, 40697, 40646, 48999,
30652, 40707, 40402, 40402, 40707, 49002,
30656, 40394, 40673, 40673, 40394, 49000,
30660, 40681, 40445, 40445, 40681, 49003,
30664, 40436, 40725, 40725, 40436, 49004,
30668, 40735, 40736, 40736, 40735, 49011,
30676, 40697, 40383, 40383, 40697, 48999,
30680, 40374, 40751, 40751, 40374, 49001,
30688, 40574, 40586, 40586, 40574, 49010,
30708, 40562, 40489, 40489, 40562, 49007,
30716, 40736, 40776, 40776, 40736, 49011,
30732, 40787, 40596, 40596, 40787, 48916,
30744, 40776, 40795, 40795, 40776, 49011,
30748, 36742, 40787, 40787, 36742, 48916,
30752, 40795, 40810, 40810, 40795, 49011,
30764, 40751, 40820, 40820, 40751, 49001,
30776, 40810, 40735, 40735, 40810, 49011,
30780, 40725, 40836, 40836, 40725, 49004,
30792, 40846, 40707, 40707, 40846, 49002,
30804, 40836, 40467, 40467, 40836, 49004,
30820, 40403, 40862, 40862, 40403, 49002,
30832, 40862, 40846, 40846, 40862, 49002,
30852, 40820, 40413, 40413, 40820, 49001,
30864, 40889, 40890, 40890, 40889, 49012,
30868, 40899, 40900, 40900, 40899, 49013,
30876, 38392, 40910, 40910, 38392, 48953,
30880, 40919, 40889, 40889, 40919, 49012,
30900, 40900, 40930, 40930, 40900, 49013,
30904, 40938, 38323, 38323, 40938, 48951,
30908, 40890, 40919, 40919, 40890, 49012,
30912, 40910, 38421, 38421, 40910, 48953,
30916, 38439, 40938, 40938, 38439, 48951,
30920, 40930, 40899, 40899, 40930, 49013,
30932, 40973, 40974, 40974, 40973, 49014,
30936, 40982, 38381, 38381, 40982, 48952,
30944, 40991, 40992, 40992, 40991, 49015,
30948, 41001, 40973, 40973, 41001, 49014,
30956, 38450, 41010, 41010, 38450, 48954,
30960, 41019, 40991, 40991, 41019, 49015,
30972, 40992, 41019, 41019, 40992, 49015,
30976, 41010, 38471, 38471, 41010, 48954,
30980, 38479, 40982, 40982, 38479, 48952,
30984, 40974, 41001, 41001, 40974, 49014,
30992, 41053, 41054, 41054, 41053, 49016,
30996, 41063, 41064, 41064, 41063, 49017,
31008, 41075, 41076, 41076, 41075, 49018,
31012, 41085, 41053, 41053, 41085, 49016,
31024, 41095, 41096, 41096, 41095, 49019,
31028, 41105, 41075, 41075, 41105, 49018,
31040, 41064, 41114, 41114, 41064, 49017,
31044, 41123, 41095, 41095, 41123, 49019,
31060, 41135, 41136, 41136, 41135, 49020,
31064, 41144, 41145, 41145, 41144, 49021,
31076, 41157, 41158, 41158, 41157, 49022,
31080, 41166, 41167, 41167, 41166, 49023,
31084, 41096, 41123, 41123, 41096, 49019,
31088, 41114, 41063, 41063, 41114, 49017,
31092, 41054, 41085, 41085, 41054, 49016,
31096, 41076, 41105, 41105, 41076, 49018,
31100, 41136, 41200, 41200, 41136, 49020,
31104, 41209, 41166, 41166, 41209, 49023,
31108, 41158, 41216, 41216, 41158, 49022,
31112, 41224, 41144, 41144, 41224, 49021,
31124, 41145, 41224, 41224, 41145, 49021,
31128, 41216, 41157, 41157, 41216, 49022,
31140, 41167, 41209, 41209, 41167, 49023,
31144, 41200, 41135, 41135, 41200, 49020,
31152, 41261, 41262, 41262, 41261, 49024,
31156, 41271, 41272, 41272, 41271, 49025,
31168, 41283, 41284, 41284, 41283, 49026,
31172, 41293, 41261, 41261, 41293, 49024,
31184, 41303, 41304, 41304, 41303, 49027,
31188, 41313, 41283, 41283, 41313, 49026,
31200, 41272, 41322, 41322, 41272, 49025,
31204, 41331, 41303, 41303, 41331, 49027,
31220, 41343, 41344, 41344, 41343, 49028,
31224, 41352, 41353, 41353, 41352, 49029,
31236, 41365, 41366, 41366, 41365, 49030,
31240, 41374, 41375, 41375, 41374, 49031,
31244, 41304, 41331, 41331, 41304, 49027,
31248, 41322, 41271, 41271, 41322, 49025,
31252, 41262, 41293, 41293, 41262, 49024,
31256, 41284, 41313, 41313, 41284, 49026,
31260, 41344, 41408, 41408, 41344, 49028,
31264, 41417, 41374, 41374, 41417, 49031,
31268, 41366, 41424, 41424, 41366, 49030,
31272, 41432, 41352, 41352, 41432, 49029,
31284, 41353, 41432, 41432, 41353, 49029,
31288, 41424, 41365, 41365, 41424, 49030,
31300, 41375, 41417, 41417, 41375, 49031,
31304, 41408, 41343, 41343, 41408, 49028,
31312, 41469, 41470, 41470, 41469, 49032,
31316, 41479, 41480, 41480, 41479, 49033,
31328, 41491, 41492, 41492, 41491, 49034,
31332, 41501, 41469, 41469, 41501, 49032,
31344, 41511, 41512, 41512, 41511, 49035,
31348, 41521, 41491, 41491, 41521, 49034,
31360, 41480, 41530, 41530, 41480, 49033,
31364, 41539, 41511, 41511, 41539, 49035,
31380, 41551, 41552, 41552, 41551, 49036,
31384, 41560, 41561, 41561, 41560, 49037,
31396, 41573, 41574, 41574, 41573, 49038,
31400, 41582, 41583, 41583, 41582, 49039,
31404, 41512, 41539, 41539, 41512, 49035,
31408, 41530, 41479, 41479, 41530, 49033,
31412, 41470, 41501, 41501, 41470, 49032,
31416, 41492, 41521, 41521, 41492, 49034,
31420, 41552, 41616, 41616, 41552, 49036,
31424, 41625, 41582, 41582, 41625, 49039,
31428, 41574, 41632, 41632, 41574, 49038,
31432, 41640, 41560, 41560, 41640, 49037,
31444, 41561, 41640, 41640, 41561, 49037,
31448, 41632, 41573, 41573, 41632, 49038,
31460, 41583, 41625, 41625, 41583, 49039,
31464, 41616, 41551, 41551, 41616, 49036,
31472, 41677, 41678, 41678, 41677, 49040,
31476, 41687, 41688, 41688, 41687, 49041,
31488, 41699, 41700, 41700, 41699, 49042,
31492, 41709, 41677, 41677, 41709, 49040,
31504, 41719, 41720, 41720, 41719, 49043,
31508, 41729, 41699, 41699, 41729, 49042,
31520, 41688, 41738, 41738, 41688, 49041,
31524, 41747, 41719, 41719, 41747, 49043,
31540, 41759, 41760, 41760, 41759, 49044,
31544, 41768, 41769, 41769, 41768, 49045,
31556, 41781, 41782, 41782, 41781, 49046,
31560, 41790, 41791, 41791, 41790, 49047,
31564, 41720, 41747, 41747, 41720, 49043,
31568, 41738, 41687, 41687, 41738, 49041,
31572, 41678, 41709, 41709, 41678, 49040,
31576, 41700, 41729, 41729, 41700, 49042,
31580, 41760, 41824, 41824, 41760, 49044,
31584, 41833, 41790, 41790, 41833, 49047,
31588, 41782, 41840, 41840, 41782, 49046,
31592, 41848, 41768, 41768, 41848, 49045,
31604, 41769, 41848, 41848, 41769, 49045,
31608, 41840, 41781, 41781, 41840, 49046,
31620, 41791, 41833, 41833, 41791, 49047,
31624, 41824, 41759, 41759, 41824, 49044,
31632, 41885, 41886, 41886, 41885, 49048,
31636, 41895, 41896, 41896, 41895, 49049,
31648, 41896, 41906, 41906, 41896, 49049,
31652, 41915, 41916, 41916, 41915, 49050,
31664, 41916, 41926, 41926, 41916, 49050,
31668, 41935, 41936, 41936, 41935, 49051,
31680, 41936, 41946, 41946, 41936, 49051,
31684, 41955, 41885, 41885, 41955, 49048,
31692, 41965, 41966, 41966, 41965, 49052,
31696, 41975, 41976, 41976, 41975, 49053,
31708, 41987, 41988, 41988, 41987, 49054,
31712, 41997, 41998, 41998, 41997, 49055,
31724, 41926, 41915, 41915, 41926, 49050,
31728, 41906, 41895, 41895, 41906, 49049,
31732, 41886, 41955, 41955, 41886, 49048,
31736, 41946, 41935, 41935, 41946, 49051,
31740, 41966, 42032, 42032, 41966, 49052,
31744, 42041, 41997, 41997, 42041, 49055,
31748, 41988, 42048, 42048, 41988, 49054,
31752, 42056, 41975, 41975, 42056, 49053,
31756, 41998, 42041, 42041, 41998, 49055,
31760, 42032, 41965, 41965, 42032, 49052,
31772, 41976, 42056, 42056, 41976, 49053,
31776, 42048, 41987, 41987, 42048, 49054,
31792, 42093, 42094, 42094, 42093, 49056,
31796, 42103, 42104, 42104, 42103, 49057,
31808, 42104, 42114, 42114, 42104, 49057,
31812, 42123, 42124, 42124, 42123, 49058,
31824, 42124, 42134, 42134, 42124, 49058,
31828, 42143, 42144, 42144, 42143, 49059,
31840, 42144, 42154, 42154, 42144, 49059,
31844, 42163, 42093, 42093, 42163, 49056,
31852, 42173, 42174, 42174, 42173, 49060,
31856, 42183, 42184, 42184, 42183, 49061,
31868, 42195, 42196, 42196, 42195, 49062,
31872, 42205, 42206, 42206, 42205, 49063,
31884, 42134, 42123, 42123, 42134, 49058,
31888, 42114, 42103, 42103, 42114, 49057,
31892, 42094, 42163, 42163, 42094, 49056,
31896, 42154, 42143, 42143, 42154, 49059,
31900, 42174, 42240, 42240, 42174, 49060,
31904, 42249, 42205, 42205, 42249, 49063,
31908, 42196, 42256, 42256, 42196, 49062,
31912, 42264, 42183, 42183, 42264, 49061,
31916, 42206, 42249, 42249, 42206, 49063,
31920, 42240, 42173, 42173, 42240, 49060,
31932, 42184, 42264, 42264, 42184, 49061,
31936, 42256, 42195, 42195, 42256, 49062,
31952, 42301, 42302, 42302, 42301, 49064,
31956, 42311, 42312, 42312, 42311, 49065,
31968, 42312, 42322, 42322, 42312, 49065,
31972, 42331, 42332, 42332, 42331, 49066,
31984, 42332, 42342, 42342, 42332, 49066,
31988, 42351, 42352, 42352, 42351, 49067,
32000, 42352, 42362, 42362, 42352, 49067,
32004, 42371, 42301, 42301, 42371, 49064,
32012, 42381, 42382, 42382, 42381, 49068,
32016, 42391, 42392, 42392, 42391, 49069,
32028, 42403, 42404, 42404, 42403, 49070,
32032, 42413, 42414, 42414, 42413, 49071,
32044, 42342, 42331, 42331, 42342, 49066,
32048, 42322, 42311, 42311, 42322, 49065,
32052, 42302, 42371, 42371, 42302, 49064,
32056, 42362, 42351, 42351, 42362, 49067,
32060, 42382, 42448, 42448, 42382, 49068,
32064, 42457, 42413, 42413, 42457, 49071,
32068, 42404, 42464, 42464, 42404, 49070,
32072, 42472, 42391, 42391, 42472, 49069,
32076, 42414, 42457, 42457, 42414, 49071,
32080, 42448, 42381, 42381, 42448, 49068,
32092, 42392, 42472, 42472, 42392, 49069,
32096, 42464, 42403, 42403, 42464, 49070,
32112, 42509, 42510, 42510, 42509, 49072,
32116, 42519, 42520, 42520, 42519, 49073,
32128, 42520, 42530, 42530, 42520, 49073,
32132, 42539, 42540, 42540, 42539, 49074,
32144, 42540, 42550, 42550, 42540, 49074,
32148, 42559, 42560, 42560, 42559, 49075,
32160, 42560, 42570, 42570, 42560, 49075,
32164, 42579, 42509, 42509, 42579, 49072,
32172, 42589, 42590, 42590, 42589, 49076,
32176, 42599, 42600, 42600, 42599, 49077,
32188, 42611, 42612, 42612, 42611, 49078,
32192, 42621, 42622, 42622, 42621, 49079,
32204, 42550, 42539, 42539, 42550, 49074,
32208, 42530, 42519, 42519, 42530, 49073,
32212, 42510, 42579, 42579, 42510, 49072,
32216, 42570, 42559, 42559, 42570, 49075,
32220, 42590, 42656, 42656, 42590, 49076,
32224, 42665, 42621, 42621, 42665, 49079,
32228, 42612, 42672, 42672, 42612, 49078,
32232, 42680, 42599, 42599, 42680, 49077,
32236, 42622, 42665, 42665, 42622, 49079,
32240, 42656, 42589, 42589, 42656, 49076,
32252, 42600, 42680, 42680, 42600, 49077,
32256, 42672, 42611, 42611, 42672, 49078,
32268, 42717, 42718, 42718, 42717, 49080,
32296, 42730, 42731, 42731, 42730, 49081,
32312, 42742, 42743, 42743, 42742, 49082,
32316, 42753, 42754, 42754, 42753, 49083,
32340, 42731, 42766, 42766, 42731, 49081,
32344, 42774, 42775, 42775, 42774, 49084,
32348, 42785, 42786, 42786, 42785, 49085,
32352, 42795, 42717, 42717, 42795, 49080,
32364, 42805, 42785, 42785, 42805, 49085,
32392, 42775, 42815, 42815, 42775, 49084,
32396, 42825, 42795, 42795, 42825, 49080,
32400, 42786, 42805, 42805, 42786, 49085,
32420, 42815, 42774, 42774, 42815, 49084,
32424, 42766, 42847, 42847, 42766, 49081,
32428, 42857, 42730, 42730, 42857, 49081,
32448, 35616, 35421, 35421, 35616, 48880,
32456, 42847, 42857, 42857, 42847, 49081,
32472, 42718, 42883, 42883, 42718, 49080,
32476, 42883, 42825, 42825, 42883, 49080,
32484, 37104, 36902, 36902, 37104, 48921,
32504, 42754, 42909, 42909, 42754, 49083,
32520, 42920, 42742, 42742, 42920, 49082,
32528, 37224, 37158, 37158, 37224, 48928,
32548, 37146, 37170, 37170, 37146, 48927,
32568, 36926, 37216, 37216, 36926, 48922,
32572, 37204, 37236, 37236, 37204, 48929,
32588, 35304, 35599, 35599, 35304, 48876,
32616, 35280, 35315, 35315, 35280, 48874,
32624, 35358, 35379, 35379, 35358, 48878,
32644, 35368, 35291, 35291, 35368, 48875,
32652, 38324, 38438, 38438, 38324, 48951,
32656, 38430, 36583, 36583, 38430, 48903,
32660, 36574, 38337, 38337, 36574, 48909,
32672, 33896, 35942, 35942, 33896, 48830,
32676, 35934, 33907, 33907, 35934, 48829,
32688, 38506, 36515, 36515, 38506, 48904,
32692, 36527, 38517, 38517, 36527, 48905,
32708, 42743, 42920, 42920, 42743, 49082,
32720, 42909, 42753, 42753, 42909, 49083,
