155956, 173617, 173618, 173618, 173617, 191274,
155972, 173629, 173630, 173630, 173629, 191275,
155988, 173641, 173642, 173642, 173641, 191276,
156004, 173653, 173654, 173654, 173653, 191277,
156020, 173665, 173666, 173666, 173665, 191278,
156036, 173677, 173653, 173653, 173677, 191277,
156052, 173687, 173665, 173665, 173687, 191278,
156068, 173697, 173698, 173698, 173697, 191279,
156084, 173709, 173710, 173710, 173709, 191280,
156100, 173654, 173720, 173720, 173654, 191277,
156116, 173731, 173732, 173732, 173731, 191281,
156132, 173743, 173697, 173697, 173743, 191279,
156148, 173753, 173754, 173754, 173753, 191282,
156164, 173765, 173687, 173687, 173765, 191278,
156180, 173710, 173774, 173774, 173710, 191280,
156196, 173732, 173784, 173784, 173732, 191281,
156212, 173795, 173796, 173796, 173795, 191283,
156228, 173807, 173743, 173743, 173807, 191279,
156244, 173817, 173818, 173818, 173817, 191284,
156260, 173829, 173830, 173830, 173829, 191285,
156276, 173841, 173753, 173753, 173841, 191282,
156292, 173851, 173852, 173852, 173851, 191286,
156308, 173774, 173862, 173862, 173774, 191280,
156324, 173873, 173795, 173795, 173873, 191283,
156340, 173784, 173882, 173882, 173784, 191281,
156356, 173882, 173892, 173892, 173882, 191281,
156372, 173903, 173904, 173904, 173903, 191282,
156388, 173904, 173841, 173841, 173904, 191282,
156404, 173830, 173922, 173922, 173830, 191285,
156420, 173922, 173932, 173932, 173922, 191285,
156436, 173943, 173873, 173873, 173943, 191283,
156452, 173953, 173954, 173954, 173953, 191287,
156468, 173965, 173966, 173966, 173965, 191288,
156484, 173977, 173978, 173978, 173977, 191289,
156500, 173989, 173953, 173953, 173989, 191287,
156516, 173999, 174000, 174000, 173999, 191290,
156532, 174011, 173977, 173977, 174011, 191289,
156548, 173966, 174020, 174020, 173966, 191288,
156564, 174031, 173999, 173999, 174031, 191290,
156580, 173978, 174011, 174011, 173978, 191289,
156596, 174000, 174031, 174031, 174000, 191290,
156612, 174020, 173965, 173965, 174020, 191288,
156628, 173954, 173989, 173989, 173954, 191287,
156644, 174073, 173817, 173817, 174073, 191284,
156660, 173796, 174082, 174082, 173796, 191283,
156676, 174082, 173943, 173943, 174082, 191283,
156692, 173932, 174100, 174100, 173932, 191285,
156708, 174100, 173829, 173829, 174100, 191285,
156724, 173852, 174118, 174118, 173852, 191286,
156740, 174118, 174128, 174128, 174118, 191286,
156756, 174139, 174073, 174073, 174139, 191284,
156772, 174149, 174150, 174150, 174149, 191291,
156788, 174161, 174162, 174162, 174161, 191292,
156804, 174173, 174174, 174174, 174173, 191293,
156820, 174185, 174149, 174149, 174185, 191291,
156836, 174195, 174196, 174196, 174195, 191294,
156852, 174207, 174173, 174173, 174207, 191293,
156868, 174162, 174216, 174216, 174162, 191292,
156884, 174227, 174195, 174195, 174227, 191294,
156900, 174174, 174207, 174207, 174174, 191293,
156916, 174196, 174227, 174227, 174196, 191294,
156932, 174216, 174161, 174161, 174216, 191292,
156948, 174150, 174185, 174185, 174150, 191291,
156964, 174269, 173807, 173807, 174269, 191279,
156980, 173818, 174278, 174278, 173818, 191284,
156996, 174278, 174139, 174139, 174278, 191284,
157012, 174128, 174296, 174296, 174128, 191286,
157028, 174296, 173851, 173851, 174296, 191286,
157044, 173862, 174314, 174314, 173862, 191280,
157060, 174314, 173709, 173709, 174314, 191280,
157076, 173698, 174269, 174269, 173698, 191279,
157092, 174341, 174342, 174342, 174341, 191295,
157108, 174353, 174354, 174354, 174353, 191296,
157124, 174365, 174366, 174366, 174365, 191297,
157140, 174377, 174341, 174341, 174377, 191295,
157156, 174387, 174388, 174388, 174387, 191298,
157172, 174399, 174365, 174365, 174399, 191297,
157188, 174354, 174408, 174408, 174354, 191296,
157204, 174419, 174387, 174387, 174419, 191298,
157220, 174366, 174399, 174399, 174366, 191297,
157236, 174388, 174419, 174419, 174388, 191298,
157252, 174408, 174353, 174353, 174408, 191296,
157268, 174342, 174377, 174377, 174342, 191295,
157284, 174461, 173731, 173731, 174461, 191281,
157300, 173720, 174470, 174470, 173720, 191277,
157316, 174470, 173677, 173677, 174470, 191277,
157332, 173666, 174488, 174488, 173666, 191278,
157348, 174488, 173765, 173765, 174488, 191278,
157364, 173754, 174506, 174506, 173754, 191282,
157380, 174506, 173903, 173903, 174506, 191282,
157396, 173892, 174461, 174461, 173892, 191281,
157412, 174533, 174534, 174534, 174533, 191299,
157428, 174545, 174546, 174546, 174545, 191300,
157444, 174557, 174558, 174558, 174557, 191301,
157460, 174569, 174533, 174533, 174569, 191299,
157476, 174579, 174580, 174580, 174579, 191302,
157492, 174591, 174557, 174557, 174591, 191301,
157508, 174546, 174600, 174600, 174546, 191300,
157524, 174611, 174579, 174579, 174611, 191302,
157540, 174558, 174591, 174591, 174558, 191301,
157556, 174580, 174611, 174611, 174580, 191302,
157572, 174600, 174545, 174545, 174600, 191300,
157588, 174534, 174569, 174569, 174534, 191299,
157604, 174653, 174654, 174654, 174653, 191303,
157620, 174665, 173629, 173629, 174665, 191275,
157636, 174675, 174676, 174676, 174675, 191304,
157652, 174687, 174688, 174688, 174687, 191305,
157668, 174654, 174698, 174698, 174654, 191303,
157684, 174709, 174710, 174710, 174709, 191306,
157700, 174721, 174722, 174722, 174721, 191307,
157716, 174722, 174732, 174732, 174722, 191307,
157732, 174743, 174744, 174744, 174743, 191308,
157748, 174755, 174665, 174665, 174755, 191275,
157764, 174765, 174709, 174709, 174765, 191306,
157780, 174698, 174653, 174653, 174698, 191303,
157796, 174783, 174784, 174784, 174783, 191309,
157812, 174795, 174783, 174783, 174795, 191309,
157828, 173642, 174804, 174804, 173642, 191276,
157844, 174815, 174816, 174816, 174815, 191310,
157860, 174827, 174795, 174795, 174827, 191309,
157876, 174804, 174836, 174836, 174804, 191276,
157892, 174847, 174848, 174848, 174847, 191311,
157908, 174859, 174860, 174860, 174859, 191312,
157924, 174871, 174872, 174872, 174871, 191313,
157940, 174883, 174871, 174871, 174883, 191313,
157956, 174893, 174883, 174883, 174893, 191313,
157972, 174903, 174904, 174904, 174903, 191314,
157988, 174915, 174916, 174916, 174915, 191315,
158004, 174927, 174928, 174928, 174927, 191316,
158020, 174939, 174927, 174927, 174939, 191316,
158036, 174860, 174948, 174948, 174860, 191312,
158052, 174959, 174939, 174939, 174959, 191316,
158068, 174948, 174968, 174968, 174948, 191312,
158084, 174979, 174980, 174980, 174979, 191317,
158100, 174991, 174992, 174992, 174991, 191318,
158116, 175003, 175004, 175004, 175003, 191319,
158132, 175004, 175014, 175014, 175004, 191319,
158148, 175025, 175026, 175026, 175025, 191320,
158164, 174904, 175036, 175036, 174904, 191314,
158180, 175026, 175046, 175046, 175026, 191320,
158196, 175057, 174915, 174915, 175057, 191315,
158212, 175036, 175066, 175066, 175036, 191314,
158228, 175077, 175078, 175078, 175077, 191321,
158244, 175089, 175090, 175090, 175089, 191322,
158260, 175090, 175100, 175100, 175090, 191322,
158276, 174992, 175110, 175110, 174992, 191318,
158292, 175121, 175122, 175122, 175121, 191323,
158308, 175133, 175134, 175134, 175133, 191324,
158324, 175145, 175146, 175146, 175145, 191325,
158340, 175157, 175158, 175158, 175157, 191322,
158356, 175158, 175089, 175089, 175158, 191322,
158372, 175078, 175176, 175176, 175078, 191321,
158388, 175187, 175188, 175188, 175187, 191326,
158404, 175199, 175200, 175200, 175199, 191327,
158420, 175176, 175210, 175210, 175176, 191321,
158436, 175221, 175199, 175199, 175221, 191327,
158452, 175231, 175232, 175232, 175231, 191328,
158468, 175243, 175121, 175121, 175243, 191323,
158484, 175110, 175252, 175252, 175110, 191318,
158500, 175263, 175264, 175264, 175263, 191326,
158516, 175275, 175243, 175243, 175275, 191323,
158532, 175285, 175286, 175286, 175285, 191319,
158548, 175014, 175285, 175285, 175014, 191319,
158564, 175305, 175306, 175306, 175305, 191329,
158580, 175317, 175305, 175305, 175317, 191329,
158596, 175327, 175317, 175317, 175327, 191329,
158612, 175306, 175336, 175336, 175306, 191329,
158628, 175347, 175348, 175348, 175347, 191330,
158644, 175359, 175360, 175360, 175359, 191331,
158660, 175371, 175372, 175372, 175371, 191332,
158676, 175383, 175347, 175347, 175383, 191330,
158692, 175393, 175394, 175394, 175393, 191333,
158708, 175405, 175371, 175371, 175405, 191332,
158724, 175360, 175414, 175414, 175360, 191331,
158740, 175425, 175393, 175393, 175425, 191333,
158756, 175348, 175434, 175434, 175348, 191330,
158772, 175445, 175446, 175446, 175445, 191334,
158788, 175457, 175458, 175458, 175457, 191335,
158804, 175469, 175359, 175359, 175469, 191331,
158820, 175479, 175480, 175480, 175479, 191336,
158836, 175491, 175405, 175405, 175491, 191332,
158852, 175394, 175500, 175500, 175394, 191333,
158868, 175511, 175512, 175512, 175511, 191337,
158884, 175523, 175445, 175445, 175523, 191334,
158900, 175434, 175532, 175532, 175434, 191330,
158916, 175532, 175383, 175383, 175532, 191330,
158932, 175372, 175550, 175550, 175372, 191332,
158948, 175550, 175491, 175491, 175550, 191332,
158964, 175480, 175568, 175568, 175480, 191336,
158980, 175568, 175578, 175578, 175568, 191336,
158996, 175589, 175523, 175523, 175589, 191334,
159012, 175599, 175600, 175600, 175599, 191338,
159028, 175611, 175612, 175612, 175611, 191339,
159044, 175623, 175624, 175624, 175623, 191340,
159060, 175635, 175599, 175599, 175635, 191338,
159076, 175645, 175646, 175646, 175645, 191341,
159092, 175657, 175623, 175623, 175657, 191340,
159108, 175612, 175666, 175666, 175612, 191339,
159124, 175677, 175645, 175645, 175677, 191341,
159140, 175624, 175657, 175657, 175624, 191340,
159156, 175646, 175677, 175677, 175646, 191341,
159172, 175666, 175611, 175611, 175666, 191339,
159188, 175600, 175635, 175635, 175600, 191338,
159204, 175719, 175457, 175457, 175719, 191335,
159220, 175446, 175728, 175728, 175446, 191334,
159236, 175728, 175589, 175589, 175728, 191334,
159252, 175578, 175746, 175746, 175578, 191336,
159268, 175746, 175479, 175479, 175746, 191336,
159284, 175512, 175764, 175764, 175512, 191337,
159300, 175764, 175774, 175774, 175764, 191337,
159316, 175785, 175719, 175719, 175785, 191335,
159332, 175795, 175796, 175796, 175795, 191342,
159348, 175807, 175808, 175808, 175807, 191343,
159364, 175819, 175820, 175820, 175819, 191344,
159380, 175831, 175795, 175795, 175831, 191342,
159396, 175841, 175842, 175842, 175841, 191345,
159412, 175853, 175819, 175819, 175853, 191344,
159428, 175808, 175862, 175862, 175808, 191343,
159444, 175873, 175841, 175841, 175873, 191345,
159460, 175820, 175853, 175853, 175820, 191344,
159476, 175842, 175873, 175873, 175842, 191345,
159492, 175862, 175807, 175807, 175862, 191343,
159508, 175796, 175831, 175831, 175796, 191342,
159524, 175915, 175469, 175469, 175915, 191331,
159540, 175458, 175924, 175924, 175458, 191335,
159556, 175924, 175785, 175785, 175924, 191335,
159572, 175774, 175942, 175942, 175774, 191337,
159588, 175942, 175511, 175511, 175942, 191337,
159604, 175500, 175960, 175960, 175500, 191333,
159620, 175960, 175425, 175425, 175960, 191333,
159636, 175414, 175915, 175915, 175414, 191331,
159652, 175987, 175988, 175988, 175987, 191346,
159668, 175999, 176000, 176000, 175999, 191347,
159684, 176011, 176012, 176012, 176011, 191348,
159700, 176023, 175987, 175987, 176023, 191346,
159716, 176033, 176034, 176034, 176033, 191349,
159732, 176045, 176011, 176011, 176045, 191348,
159748, 176000, 176054, 176054, 176000, 191347,
159764, 176065, 176033, 176033, 176065, 191349,
159780, 176012, 176045, 176045, 176012, 191348,
159796, 176034, 176065, 176065, 176034, 191349,
159812, 176054, 175999, 175999, 176054, 191347,
159828, 175988, 176023, 176023, 175988, 191346,
159844, 176107, 176108, 176108, 176107, 191350,
159860, 176119, 175077, 175077, 176119, 191321,
159876, 176129, 176130, 176130, 176129, 191324,
159892, 176141, 176142, 176142, 176141, 191328,
159908, 176108, 176152, 176152, 176108, 191350,
159924, 175210, 176119, 176119, 175210, 191321,
159940, 176142, 175231, 175231, 176142, 191328,
159956, 176179, 176180, 176180, 176179, 191351,
159972, 176191, 176192, 176192, 176191, 191351,
159988, 176203, 176191, 176191, 176203, 191351,
160004, 176213, 176214, 176214, 176213, 191352,
160020, 176225, 176226, 176226, 176225, 191353,
160036, 176237, 176238, 176238, 176237, 191354,
160052, 176249, 176250, 176250, 176249, 191355,
160068, 176261, 176262, 176262, 176261, 191356,
160084, 176273, 176237, 176237, 176273, 191354,
160100, 176283, 176284, 176284, 176283, 191352,
160116, 176284, 176294, 176294, 176284, 191352,
160132, 176305, 176306, 176306, 176305, 191357,
160148, 176317, 176318, 176318, 176317, 191358,
160164, 176250, 176328, 176328, 176250, 191355,
160180, 176339, 176317, 176317, 176339, 191358,
160196, 176192, 176348, 176348, 176192, 191351,
160212, 176348, 176179, 176179, 176348, 191351,
160228, 176367, 176368, 176368, 176367, 191359,
160244, 176379, 176380, 176380, 176379, 191360,
160260, 176391, 176392, 176392, 176391, 191357,
160276, 176368, 176402, 176402, 176368, 191359,
160292, 176413, 176414, 176414, 176413, 191361,
160308, 176425, 176426, 176426, 176425, 191362,
160324, 176437, 176438, 176438, 176437, 191363,
160340, 176449, 176450, 176450, 176449, 191364,
160356, 176402, 176460, 176460, 176402, 191359,
160372, 176471, 176425, 176425, 176471, 191362,
160388, 176414, 176480, 176480, 176414, 191361,
160404, 176480, 176413, 176413, 176480, 191361,
160420, 176450, 176498, 176498, 176450, 191364,
160436, 176509, 176213, 176213, 176509, 191352,
160452, 176294, 176509, 176509, 176294, 191352,
160468, 176498, 176449, 176449, 176498, 191364,
160484, 176438, 176534, 176534, 176438, 191363,
160500, 176545, 176305, 176305, 176545, 191357,
160516, 176460, 176554, 176554, 176460, 191359,
160532, 176565, 176545, 176545, 176565, 191357,
160548, 176534, 176437, 176437, 176534, 191363,
160564, 176426, 176471, 176471, 176426, 191362,
160580, 176591, 176261, 176261, 176591, 191356,
160596, 176306, 176391, 176391, 176306, 191357,
160612, 176380, 176608, 176608, 176380, 191360,
160628, 175188, 175263, 175263, 175188, 191326,
160644, 175252, 176626, 176626, 175252, 191318,
160660, 176637, 176107, 176107, 176637, 191350,
160676, 176554, 176367, 176367, 176554, 191359,
160692, 176392, 176565, 176565, 176392, 191357,
160708, 176152, 176662, 176662, 176152, 191350,
160724, 176673, 174847, 174847, 176673, 191311,
160740, 176683, 176673, 176673, 176683, 191311,
160756, 176693, 176694, 176694, 176693, 191308,
160772, 174744, 176693, 176693, 174744, 191308,
160788, 176713, 174755, 174755, 176713, 191275,
160804, 173630, 176713, 176713, 173630, 191275,
160820, 176731, 173641, 173641, 176731, 191276,
160836, 174836, 176731, 176731, 174836, 191276,
160852, 176749, 174979, 174979, 176749, 191317,
160868, 174848, 176758, 176758, 174848, 191311,
160884, 176758, 176683, 176683, 176758, 191311,
160900, 176694, 176776, 176776, 176694, 191308,
160916, 176787, 173617, 173617, 176787, 191274,
160932, 175100, 175157, 175157, 175100, 191322,
160948, 175146, 176804, 176804, 175146, 191325,
160964, 174732, 174721, 174721, 174732, 191307,
160980, 174710, 176822, 176822, 174710, 191306,
160996, 176833, 176787, 176787, 176833, 191274,
161012, 176776, 174743, 174743, 176776, 191308,
161028, 176626, 174991, 174991, 176626, 191318,
161044, 176859, 176860, 176860, 176859, 191315,
161060, 176871, 176872, 176872, 176871, 191365,
161076, 175336, 175327, 175327, 175336, 191329,
161092, 175046, 175025, 175025, 175046, 191320,
161108, 176860, 175057, 175057, 176860, 191315,
161124, 176872, 176906, 176906, 176872, 191365,
161140, 175286, 175003, 175003, 175286, 191319,
161156, 176804, 175145, 175145, 176804, 191325,
161172, 176906, 176871, 176871, 176906, 191365,
161188, 174784, 176940, 176940, 174784, 191309,
161204, 176951, 174815, 174815, 176951, 191310,
161220, 174916, 176859, 176859, 174916, 191315,
161236, 176214, 176968, 176968, 176214, 191352,
161252, 176979, 176225, 176225, 176979, 191353,
161268, 176968, 176283, 176283, 176968, 191352,
161284, 176226, 176979, 176979, 176226, 191353,
161300, 175122, 177004, 177004, 175122, 191323,
161316, 177015, 175187, 175187, 177015, 191326,
161332, 175200, 175221, 175221, 175200, 191327,
161348, 175232, 177032, 177032, 175232, 191328,
161364, 177043, 177044, 177044, 177043, 191366,
161380, 175264, 177015, 177015, 175264, 191326,
161396, 177044, 177062, 177062, 177044, 191366,
161412, 177004, 175275, 175275, 177004, 191323,
161428, 177062, 177043, 177043, 177062, 191366,
161444, 177032, 176141, 176141, 177032, 191328,
161460, 176130, 175133, 175133, 176130, 191324,
161476, 177105, 177106, 177106, 177105, 191367,
161492, 177117, 176129, 176129, 177117, 191324,
161508, 177127, 177105, 177105, 177127, 191367,
161524, 175134, 177117, 177117, 175134, 191324,
161540, 177106, 177127, 177127, 177106, 191367,
161556, 176662, 176637, 176637, 176662, 191350,
161572, 176180, 176203, 176203, 176180, 191351,
161588, 177169, 174765, 174765, 177169, 191306,
161604, 176822, 177169, 177169, 176822, 191306,
161620, 177187, 176833, 176833, 177187, 191274,
161636, 173618, 177187, 177187, 173618, 191274,
161652, 174676, 177204, 177204, 174676, 191304,
161668, 177204, 174675, 174675, 177204, 191304,
161684, 174688, 177222, 177222, 174688, 191305,
161700, 177222, 174687, 174687, 177222, 191305,
161716, 177241, 177242, 177242, 177241, 191368,
161732, 177242, 177252, 177252, 177242, 191368,
161748, 177263, 177264, 177264, 177263, 191369,
161764, 177264, 177274, 177274, 177264, 191369,
161780, 177285, 177286, 177286, 177285, 191370,
161796, 177297, 177285, 177285, 177297, 191370,
161812, 177307, 177308, 177308, 177307, 191371,
161828, 177319, 177307, 177307, 177319, 191371,
161844, 177329, 177330, 177330, 177329, 191372,
161860, 177341, 177342, 177342, 177341, 191373,
161876, 177353, 177354, 177354, 177353, 191374,
161892, 177365, 177366, 177366, 177365, 191375,
161908, 177377, 177353, 177353, 177377, 191374,
161924, 177387, 177365, 177365, 177387, 191375,
161940, 177354, 177377, 177377, 177354, 191374,
161956, 177405, 177406, 177406, 177405, 191375,
161972, 177417, 177418, 177418, 177417, 191376,
161988, 177429, 177430, 177430, 177429, 191377,
162004, 177441, 177442, 177442, 177441, 191378,
162020, 177430, 177452, 177452, 177430, 191377,
162036, 177463, 177464, 177464, 177463, 191379,
162052, 177452, 177429, 177429, 177452, 191377,
162068, 177418, 177482, 177482, 177418, 191376,
162084, 177493, 177494, 177494, 177493, 191380,
162100, 177505, 177463, 177463, 177505, 191379,
162116, 177442, 177514, 177514, 177442, 191378,
162132, 177525, 177526, 177526, 177525, 191381,
162148, 177537, 177538, 177538, 177537, 191382,
162164, 177549, 177525, 177525, 177549, 191381,
162180, 177538, 177558, 177558, 177538, 191382,
162196, 177569, 177570, 177570, 177569, 191383,
162212, 177581, 177582, 177582, 177581, 191384,
162228, 177593, 177594, 177594, 177593, 191385,
162244, 177605, 177606, 177606, 177605, 191386,
162260, 177617, 177618, 177618, 177617, 191387,
162276, 177629, 177630, 177630, 177629, 191388,
162292, 177641, 177642, 177642, 177641, 191389,
162308, 177653, 177654, 177654, 177653, 191383,
162324, 177606, 177664, 177664, 177606, 191386,
162340, 177675, 177676, 177676, 177675, 191390,
162356, 177664, 177605, 177605, 177664, 191386,
162372, 177654, 177569, 177569, 177654, 191383,
162388, 177703, 177704, 177704, 177703, 191391,
162404, 177715, 177716, 177716, 177715, 191392,
162420, 177727, 177297, 177297, 177727, 191370,
162436, 177308, 177736, 177736, 177308, 191371,
162452, 177747, 177748, 177748, 177747, 191393,
162468, 177618, 177758, 177758, 177618, 191387,
162484, 177769, 177770, 177770, 177769, 191394,
162500, 177781, 177727, 177727, 177781, 191370,
162516, 177716, 177790, 177790, 177716, 191392,
162532, 177801, 177802, 177802, 177801, 191395,
162548, 177802, 177812, 177812, 177802, 191395,
162564, 177823, 177824, 177824, 177823, 191396,
162580, 177835, 177836, 177836, 177835, 191397,
162596, 177847, 177835, 177835, 177847, 191397,
162612, 177857, 177858, 177858, 177857, 191398,
162628, 177869, 177857, 177857, 177869, 191398,
162644, 177879, 177880, 177880, 177879, 191392,
162660, 177790, 177879, 177879, 177790, 191392,
162676, 177899, 177801, 177801, 177899, 191395,
162692, 177909, 177899, 177899, 177909, 191395,
162708, 177342, 177918, 177918, 177342, 191373,
162724, 177929, 177930, 177930, 177929, 191399,
162740, 177941, 177942, 177942, 177941, 191400,
162756, 177953, 177341, 177341, 177953, 191373,
162772, 177704, 177962, 177962, 177704, 191391,
162788, 177973, 177974, 177974, 177973, 191379,
162804, 177985, 177986, 177986, 177985, 191401,
162820, 177997, 177998, 177998, 177997, 191399,
162836, 178009, 178010, 178010, 178009, 191402,
162852, 178021, 178022, 178022, 178021, 191403,
162868, 178033, 178034, 178034, 178033, 191404,
162884, 178045, 177929, 177929, 178045, 191399,
162900, 177942, 178054, 178054, 177942, 191400,
162916, 178065, 178045, 178045, 178065, 191399,
162932, 178034, 178074, 178074, 178034, 191404,
162948, 178085, 178086, 178086, 178085, 191405,
162964, 178097, 178098, 178098, 178097, 191382,
162980, 178109, 178097, 178097, 178109, 191382,
162996, 178086, 178118, 178118, 178086, 191405,
163012, 178129, 178130, 178130, 178129, 191406,
163028, 178130, 178140, 178140, 178130, 191406,
163044, 178151, 178021, 178021, 178151, 191403,
163060, 178054, 178160, 178160, 178054, 191400,
163076, 178118, 178085, 178085, 178118, 191405,
163092, 178074, 178033, 178033, 178074, 191404,
163108, 178022, 178151, 178151, 178022, 191403,
163124, 178140, 178129, 178129, 178140, 191406,
163140, 178160, 178202, 178202, 178160, 191400,
163156, 177930, 177997, 177997, 177930, 191399,
163172, 177986, 178220, 178220, 177986, 191401,
163188, 178202, 177941, 177941, 178202, 191400,
163204, 178239, 178240, 178240, 178239, 191372,
163220, 178240, 178250, 178250, 178240, 191372,
163236, 178261, 178262, 178262, 178261, 191407,
163252, 178273, 178274, 178274, 178273, 191408,
163268, 178285, 178261, 178261, 178285, 191407,
163284, 177998, 178065, 178065, 177998, 191399,
163300, 178098, 178302, 178302, 178098, 191382,
163316, 178302, 177537, 177537, 178302, 191382,
163332, 178321, 178322, 178322, 178321, 191409,
163348, 178333, 178009, 178009, 178333, 191402,
163364, 178274, 178342, 178342, 178274, 191408,
163380, 178353, 178321, 178321, 178353, 191409,
163396, 177526, 177549, 177549, 177526, 191381,
163412, 177558, 178109, 178109, 177558, 191382,
163428, 178379, 177329, 177329, 178379, 191372,
163444, 178250, 178379, 178379, 178250, 191372,
163460, 177330, 178239, 178239, 177330, 191372,
163476, 178405, 178406, 178406, 178405, 191376,
163492, 178417, 178418, 178418, 178417, 191410,
163508, 177918, 178428, 178428, 177918, 191373,
163524, 178406, 177417, 177417, 178406, 191376,
163540, 177406, 177387, 177387, 177406, 191375,
163556, 178455, 178417, 178417, 178455, 191410,
163572, 178428, 177953, 177953, 178428, 191373,
163588, 178473, 178474, 178474, 178473, 191411,
163604, 178485, 178486, 178486, 178485, 191412,
163620, 178497, 178498, 178498, 178497, 191413,
163636, 178509, 178510, 178510, 178509, 191414,
163652, 178521, 178497, 178497, 178521, 191413,
163668, 178486, 178530, 178530, 178486, 191412,
163684, 178541, 178509, 178509, 178541, 191414,
163700, 178498, 178521, 178521, 178498, 191413,
163716, 178559, 178473, 178473, 178559, 191411,
163732, 178510, 178541, 178541, 178510, 191414,
163748, 178530, 178485, 178485, 178530, 191412,
163764, 178474, 178559, 178559, 178474, 191411,
163780, 178593, 178594, 178594, 178593, 191415,
163796, 178605, 178606, 178606, 178605, 191416,
163812, 178606, 178616, 178616, 178606, 191416,
163828, 178627, 178628, 178628, 178627, 191417,
163844, 178628, 178638, 178638, 178628, 191417,
163860, 178649, 178650, 178650, 178649, 191418,
163876, 178650, 178660, 178660, 178650, 191418,
163892, 178671, 178593, 178593, 178671, 191415,
163908, 178681, 178682, 178682, 178681, 191419,
163924, 178693, 178694, 178694, 178693, 191420,
163940, 178705, 178706, 178706, 178705, 191421,
163956, 178717, 178718, 178718, 178717, 191422,
163972, 178729, 178705, 178705, 178729, 191421,
163988, 178694, 178738, 178738, 178694, 191420,
164004, 178749, 178717, 178717, 178749, 191422,
164020, 178706, 178729, 178729, 178706, 191421,
164036, 178767, 178681, 178681, 178767, 191419,
164052, 178718, 178749, 178749, 178718, 191422,
164068, 178738, 178693, 178693, 178738, 191420,
164084, 178682, 178767, 178767, 178682, 191419,
164100, 178801, 178649, 178649, 178801, 191418,
164116, 178638, 178810, 178810, 178638, 191417,
164132, 178810, 178820, 178820, 178810, 191417,
164148, 178831, 178832, 178832, 178831, 191423,
164164, 178832, 178842, 178842, 178832, 191423,
164180, 178853, 178854, 178854, 178853, 191424,
164196, 178854, 178864, 178864, 178854, 191424,
164212, 178875, 178801, 178801, 178875, 191418,
164228, 178885, 178886, 178886, 178885, 191425,
164244, 178897, 178898, 178898, 178897, 191426,
164260, 178909, 178910, 178910, 178909, 191427,
164276, 178921, 178922, 178922, 178921, 191428,
164292, 178933, 178909, 178909, 178933, 191427,
164308, 178898, 178942, 178942, 178898, 191426,
164324, 178953, 178921, 178921, 178953, 191428,
164340, 178910, 178933, 178933, 178910, 191427,
164356, 178971, 178885, 178885, 178971, 191425,
164372, 178922, 178953, 178953, 178922, 191428,
164388, 178942, 178897, 178897, 178942, 191426,
164404, 178886, 178971, 178971, 178886, 191425,
164420, 179005, 178853, 178853, 179005, 191424,
164436, 178842, 179014, 179014, 178842, 191423,
164452, 179014, 179024, 179024, 179014, 191423,
164468, 179035, 179036, 179036, 179035, 191429,
164484, 179036, 179046, 179046, 179036, 191429,
164500, 179057, 179058, 179058, 179057, 191430,
164516, 179058, 179068, 179068, 179058, 191430,
164532, 179079, 179005, 179005, 179079, 191424,
164548, 178820, 178627, 178627, 178820, 191417,
164564, 178616, 179096, 179096, 178616, 191416,
164580, 179107, 179035, 179035, 179107, 191429,
164596, 179024, 178831, 178831, 179024, 191423,
164612, 179125, 178671, 178671, 179125, 191415,
164628, 178660, 178875, 178875, 178660, 191418,
164644, 178864, 179079, 179079, 178864, 191424,
164660, 179068, 179150, 179150, 179068, 191430,
164676, 179161, 178605, 178605, 179161, 191416,
164692, 178594, 179170, 179170, 178594, 191415,
164708, 179181, 179107, 179107, 179181, 191429,
164724, 179096, 179161, 179161, 179096, 191416,
164740, 179199, 179057, 179057, 179199, 191430,
164756, 179046, 179181, 179181, 179046, 191429,
164772, 179170, 179125, 179125, 179170, 191415,
164788, 179150, 179199, 179199, 179150, 191430,
164804, 177676, 179232, 179232, 177676, 191390,
164820, 179243, 177675, 177675, 179243, 191390,
164836, 179253, 179243, 179243, 179253, 191390,
164852, 179232, 179253, 179253, 179232, 191390,
164868, 179271, 179272, 179272, 179271, 191388,
164884, 177630, 179271, 179271, 177630, 191388,
164900, 179291, 177441, 177441, 179291, 191378,
164916, 177464, 177973, 177973, 177464, 191379,
164932, 177962, 179308, 179308, 177962, 191391,
164948, 179319, 179291, 179291, 179319, 191378,
164964, 177482, 178405, 178405, 177482, 191376,
164980, 179337, 177493, 177493, 179337, 191380,
164996, 178418, 179346, 179346, 178418, 191410,
165012, 177494, 179337, 179337, 177494, 191380,
165028, 177974, 177505, 177505, 177974, 191379,
165044, 179346, 179372, 179372, 179346, 191410,
165060, 179383, 179384, 179384, 179383, 191394,
165076, 179384, 177769, 177769, 179384, 191394,
165092, 177758, 177617, 177617, 177758, 191387,
165108, 177366, 177405, 177405, 177366, 191375,
165124, 177514, 179319, 179319, 177514, 191378,
165140, 179308, 179426, 179426, 179308, 191391,
165156, 177770, 179436, 179436, 177770, 191394,
165172, 179436, 179383, 179383, 179436, 191394,
165188, 179372, 178455, 178455, 179372, 191410,
165204, 179463, 179464, 179464, 179463, 191431,
165220, 179475, 177641, 177641, 179475, 191389,
165236, 179272, 179484, 179484, 179272, 191388,
165252, 179484, 177629, 177629, 179484, 191388,
165268, 179426, 177703, 177703, 179426, 191391,
165284, 179511, 177823, 177823, 179511, 191396,
165300, 179521, 179522, 179522, 179521, 191432,
165316, 179533, 179534, 179534, 179533, 191433,
165332, 179522, 179544, 179544, 179522, 191432,
165348, 179555, 179533, 179533, 179555, 191433,
165364, 179565, 179555, 179555, 179565, 191433,
165380, 177570, 179574, 179574, 177570, 191383,
165396, 179585, 179586, 179586, 179585, 191431,
165412, 179597, 179598, 179598, 179597, 191434,
165428, 179609, 179597, 179597, 179609, 191434,
165444, 179619, 179609, 179609, 179619, 191434,
165460, 179544, 179628, 179628, 179544, 191432,
165476, 177812, 177909, 177909, 177812, 191395,
165492, 177836, 179646, 179646, 177836, 191397,
165508, 179657, 179658, 179658, 179657, 191384,
165524, 179669, 177593, 177593, 179669, 191385,
165540, 179646, 179678, 179678, 179646, 191397,
165556, 179689, 179657, 179657, 179689, 191384,
165572, 177582, 179689, 179689, 177582, 191384,
165588, 179707, 179708, 179708, 179707, 191435,
165604, 179719, 177319, 177319, 179719, 191371,
165620, 179729, 177869, 177869, 179729, 191398,
165636, 177880, 177715, 177715, 177880, 191392,
165652, 177748, 179746, 179746, 177748, 191393,
165668, 179746, 177747, 177747, 179746, 191393,
165684, 177736, 179719, 179719, 177736, 191371,
165700, 179708, 179772, 179772, 179708, 191435,
165716, 177252, 177241, 177241, 177252, 191368,
165732, 177274, 177263, 177263, 177274, 191369,
165748, 179799, 179729, 179729, 179799, 191398,
165764, 179772, 179707, 179707, 179772, 191435,
165780, 179817, 179818, 179818, 179817, 191436,
165796, 179829, 179830, 179830, 179829, 191437,
165812, 179841, 179842, 179842, 179841, 191438,
165828, 179853, 179854, 179854, 179853, 191439,
165844, 179865, 179841, 179841, 179865, 191438,
165860, 179830, 179874, 179874, 179830, 191437,
165876, 179885, 179853, 179853, 179885, 191439,
165892, 179842, 179865, 179865, 179842, 191438,
165908, 179903, 179817, 179817, 179903, 191436,
165924, 179854, 179885, 179885, 179854, 191439,
165940, 179874, 179829, 179829, 179874, 191437,
165956, 179818, 179903, 179903, 179818, 191436,
165972, 179937, 179938, 179938, 179937, 191440,
165988, 179949, 179950, 179950, 179949, 191441,
166004, 179950, 179960, 179960, 179950, 191441,
166020, 179971, 179972, 179972, 179971, 191442,
166036, 179972, 179982, 179982, 179972, 191442,
166052, 179993, 179994, 179994, 179993, 191443,
166068, 179994, 180004, 180004, 179994, 191443,
166084, 180015, 179937, 179937, 180015, 191440,
166100, 180025, 180026, 180026, 180025, 191444,
166116, 180037, 180038, 180038, 180037, 191445,
166132, 180049, 180050, 180050, 180049, 191446,
166148, 180061, 180062, 180062, 180061, 191447,
166164, 180073, 180049, 180049, 180073, 191446,
166180, 180038, 180082, 180082, 180038, 191445,
166196, 180050, 180073, 180073, 180050, 191446,
166212, 180101, 180061, 180061, 180101, 191447,
166228, 180111, 180025, 180025, 180111, 191444,
166244, 180062, 180101, 180101, 180062, 191447,
166260, 180026, 180111, 180111, 180026, 191444,
166276, 180082, 180037, 180037, 180082, 191445,
166292, 180145, 180146, 180146, 180145, 191448,
166308, 180157, 180158, 180158, 180157, 191449,
166324, 180158, 180168, 180168, 180158, 191449,
166340, 180179, 180180, 180180, 180179, 191450,
166356, 180180, 180190, 180190, 180180, 191450,
166372, 180201, 180202, 180202, 180201, 191451,
166388, 180202, 180212, 180212, 180202, 191451,
166404, 180223, 180145, 180145, 180223, 191448,
166420, 180233, 180234, 180234, 180233, 191452,
166436, 180245, 180246, 180246, 180245, 191453,
166452, 180257, 180258, 180258, 180257, 191454,
166468, 180269, 180270, 180270, 180269, 191455,
166484, 180281, 180257, 180257, 180281, 191454,
166500, 180246, 180290, 180290, 180246, 191453,
166516, 180301, 180269, 180269, 180301, 191455,
166532, 180258, 180281, 180281, 180258, 191454,
166548, 180319, 180233, 180233, 180319, 191452,
166564, 180270, 180301, 180301, 180270, 191455,
166580, 180290, 180245, 180245, 180290, 191453,
166596, 180234, 180319, 180319, 180234, 191452,
166612, 180353, 180201, 180201, 180353, 191451,
166628, 180190, 180362, 180362, 180190, 191450,
166644, 180362, 180372, 180372, 180362, 191450,
166660, 180383, 180384, 180384, 180383, 191456,
166676, 180384, 180394, 180394, 180384, 191456,
166692, 180405, 180406, 180406, 180405, 191457,
166708, 180406, 180416, 180416, 180406, 191457,
166724, 180427, 180353, 180353, 180427, 191451,
166740, 180437, 180438, 180438, 180437, 191458,
166756, 180449, 180450, 180450, 180449, 191459,
166772, 180461, 180462, 180462, 180461, 191460,
166788, 180473, 180474, 180474, 180473, 191461,
166804, 180485, 180461, 180461, 180485, 191460,
166820, 180450, 180494, 180494, 180450, 191459,
166836, 180505, 180473, 180473, 180505, 191461,
166852, 180462, 180485, 180485, 180462, 191460,
166868, 180523, 180437, 180437, 180523, 191458,
166884, 180474, 180505, 180505, 180474, 191461,
166900, 180494, 180449, 180449, 180494, 191459,
166916, 180438, 180523, 180523, 180438, 191458,
166932, 180557, 180405, 180405, 180557, 191457,
166948, 180394, 180566, 180566, 180394, 191456,
166964, 180566, 180576, 180576, 180566, 191456,
166980, 180587, 180588, 180588, 180587, 191441,
166996, 180588, 179949, 179949, 180588, 191441,
167012, 179938, 180606, 180606, 179938, 191440,
167028, 180606, 180616, 180616, 180606, 191440,
167044, 180627, 180557, 180557, 180627, 191457,
167060, 180372, 180179, 180179, 180372, 191450,
167076, 180168, 180644, 180644, 180168, 191449,
167092, 180576, 180383, 180383, 180576, 191456,
167108, 180663, 180587, 180587, 180663, 191441,
167124, 180673, 180223, 180223, 180673, 191448,
167140, 180212, 180427, 180427, 180212, 191451,
167156, 180616, 180690, 180690, 180616, 191440,
167172, 180416, 180627, 180627, 180416, 191457,
167188, 180644, 180708, 180708, 180644, 191449,
167204, 180719, 179971, 179971, 180719, 191442,
167220, 179960, 180663, 180663, 179960, 191441,
167236, 180737, 180673, 180673, 180737, 191448,
167252, 180690, 180015, 180015, 180690, 191440,
167268, 180004, 180754, 180754, 180004, 191443,
167284, 180708, 180157, 180157, 180708, 191449,
167300, 180146, 180737, 180737, 180146, 191448,
167316, 180781, 180719, 180719, 180781, 191442,
167332, 180791, 179993, 179993, 180791, 191443,
167348, 179982, 180781, 180781, 179982, 191442,
167364, 180754, 180791, 180791, 180754, 191443,
167380, 179678, 177847, 177847, 179678, 191397,
167396, 177858, 179799, 179799, 177858, 191398,
167412, 177286, 177781, 177781, 177286, 191370,
167428, 180841, 180842, 180842, 180841, 191462,
167444, 180853, 180854, 180854, 180853, 191463,
167460, 180854, 180864, 180864, 180854, 191463,
167476, 180875, 180876, 180876, 180875, 191464,
167492, 180887, 180888, 180888, 180887, 191465,
167508, 180899, 180841, 180841, 180899, 191462,
167524, 180876, 180908, 180908, 180876, 191464,
167540, 180919, 180920, 180920, 180919, 191466,
167556, 180920, 180930, 180930, 180920, 191466,
167572, 180941, 180942, 180942, 180941, 191467,
167588, 180953, 180954, 180954, 180953, 191468,
167604, 180942, 180964, 180964, 180942, 191467,
167620, 180975, 180976, 180976, 180975, 191469,
167636, 180987, 180988, 180988, 180987, 191470,
167652, 180976, 180998, 180998, 180976, 191469,
167668, 181009, 181010, 181010, 181009, 191471,
167684, 181010, 181020, 181020, 181010, 191471,
167700, 181031, 181032, 181032, 181031, 191472,
167716, 181043, 180953, 180953, 181043, 191468,
167732, 181032, 181052, 181052, 181032, 191472,
167748, 181063, 180987, 180987, 181063, 191470,
167764, 181073, 181074, 181074, 181073, 191473,
167780, 181074, 181084, 181084, 181074, 191473,
167796, 174980, 181094, 181094, 174980, 191317,
167812, 180954, 181043, 181043, 180954, 191468,
167828, 181052, 181031, 181031, 181052, 191472,
167844, 181121, 180919, 180919, 181121, 191466,
167860, 181020, 181009, 181009, 181020, 191471,
167876, 180998, 181138, 181138, 180998, 191469,
167892, 180842, 181148, 181148, 180842, 191462,
167908, 181138, 181158, 181158, 181138, 191469,
167924, 181169, 180853, 180853, 181169, 191463,
167940, 181179, 181121, 181121, 181179, 191466,
167956, 181148, 181188, 181188, 181148, 191462,
167972, 181199, 181169, 181169, 181199, 191463,
167988, 181158, 180975, 180975, 181158, 191469,
168004, 181217, 180941, 180941, 181217, 191467,
168020, 180930, 181179, 181179, 180930, 191466,
168036, 181188, 180899, 180899, 181188, 191462,
168052, 180888, 181242, 181242, 180888, 191465,
168068, 181253, 180875, 180875, 181253, 191464,
168084, 180864, 181199, 181199, 180864, 191463,
168100, 181271, 181272, 181272, 181271, 191474,
168116, 181084, 181073, 181073, 181084, 191473,
168132, 180988, 181063, 181063, 180988, 191470,
168148, 181299, 181271, 181271, 181299, 191474,
168164, 181309, 181299, 181299, 181309, 191474,
168180, 181094, 181318, 181318, 181094, 191317,
168196, 181329, 181309, 181309, 181329, 191474,
168212, 181318, 176749, 176749, 181318, 191317,
168228, 181272, 181329, 181329, 181272, 191474,
168244, 181355, 181253, 181253, 181355, 191464,
168260, 181242, 181364, 181364, 181242, 191465,
168276, 181375, 181217, 181217, 181375, 191467,
168292, 180964, 181375, 181375, 180964, 191467,
168308, 181393, 180887, 180887, 181393, 191465,
168324, 181364, 181393, 181393, 181364, 191465,
168340, 180908, 181355, 181355, 180908, 191464,
168356, 181419, 181420, 181420, 181419, 191475,
168372, 181431, 181432, 181432, 181431, 191476,
168388, 181432, 181442, 181442, 181432, 191476,
168404, 181453, 174959, 174959, 181453, 191316,
168420, 175066, 181462, 181462, 175066, 191314,
168436, 181473, 181419, 181419, 181473, 191475,
168452, 181420, 181473, 181473, 181420, 191475,
168468, 181462, 174903, 174903, 181462, 191314,
168484, 174928, 181453, 181453, 174928, 191316,
168500, 181442, 181431, 181431, 181442, 191476,
168516, 174968, 181514, 181514, 174968, 191312,
168532, 181525, 181526, 181526, 181525, 191477,
168548, 181526, 181536, 181536, 181526, 191477,
168564, 181547, 181548, 181548, 181547, 191478,
168580, 181548, 181558, 181558, 181548, 191478,
168596, 181569, 174893, 174893, 181569, 191313,
168612, 181536, 181525, 181525, 181536, 191477,
168628, 181514, 174859, 174859, 181514, 191312,
168644, 174872, 181569, 181569, 174872, 191313,
168660, 181558, 181547, 181547, 181558, 191478,
168676, 181611, 181612, 181612, 181611, 191479,
168692, 181623, 181624, 181624, 181623, 191480,
168708, 181635, 181636, 181636, 181635, 191481,
168724, 181647, 181611, 181611, 181647, 191479,
168740, 181624, 181656, 181656, 181624, 191480,
168756, 181667, 181668, 181668, 181667, 191482,
168772, 181679, 181635, 181635, 181679, 191481,
168788, 181689, 181690, 181690, 181689, 191483,
168804, 181701, 181702, 181702, 181701, 191484,
168820, 181713, 181689, 181689, 181713, 191483,
168836, 181723, 181724, 181724, 181723, 191485,
168852, 181735, 181701, 181701, 181735, 191484,
168868, 181745, 181746, 181746, 181745, 191486,
168884, 181757, 181758, 181758, 181757, 191487,
168900, 181769, 181770, 181770, 181769, 191488,
168916, 181781, 181745, 181745, 181781, 191486,
168932, 181791, 181769, 181769, 181791, 191488,
168948, 181801, 181802, 181802, 181801, 191489,
168964, 181724, 181812, 181812, 181724, 191485,
168980, 181823, 181801, 181801, 181823, 191489,
168996, 181758, 181832, 181832, 181758, 191487,
169012, 181843, 181844, 181844, 181843, 191490,
169028, 181855, 181843, 181843, 181855, 191490,
169044, 181865, 179511, 179511, 181865, 191396,
169060, 181812, 181723, 181723, 181812, 191485,
169076, 181802, 181823, 181823, 181802, 191489,
169092, 181690, 181890, 181890, 181690, 191483,
169108, 181901, 181781, 181781, 181901, 191486,
169124, 181770, 181791, 181791, 181770, 191488,
169140, 181612, 181918, 181918, 181612, 191479,
169156, 181929, 181901, 181901, 181929, 191486,
169172, 181939, 181623, 181623, 181939, 191480,
169188, 181949, 181939, 181939, 181949, 191480,
169204, 181890, 181958, 181958, 181890, 191483,
169220, 181746, 181929, 181929, 181746, 191486,
169236, 181918, 181976, 181976, 181918, 191479,
169252, 181987, 181667, 181667, 181987, 191482,
169268, 181656, 181949, 181949, 181656, 191480,
169284, 181958, 181713, 181713, 181958, 191483,
169300, 181702, 182012, 182012, 181702, 191484,
169316, 182023, 182024, 182024, 182023, 191491,
169332, 181976, 181647, 181647, 181976, 191479,
169348, 181636, 182042, 182042, 181636, 191481,
169364, 181844, 181855, 181855, 181844, 191490,
169380, 181832, 181757, 181757, 181832, 191487,
169396, 182024, 182068, 182068, 182024, 191491,
169412, 182079, 181865, 181865, 182079, 191396,
169428, 182068, 182088, 182088, 182068, 191491,
169444, 177824, 182079, 182079, 177824, 191396,
169460, 182088, 182106, 182106, 182088, 191491,
169476, 182042, 182116, 182116, 182042, 191481,
169492, 182106, 182023, 182023, 182106, 191491,
169508, 182012, 182134, 182134, 182012, 191484,
169524, 182145, 181987, 181987, 182145, 191482,
169540, 182134, 181735, 181735, 182134, 191484,
169556, 181668, 182162, 182162, 181668, 191482,
169572, 182162, 182145, 182145, 182162, 191482,
169588, 182116, 181679, 181679, 182116, 191481,
169604, 182189, 182190, 182190, 182189, 191492,
169620, 182201, 182202, 182202, 182201, 191493,
169636, 179534, 182212, 182212, 179534, 191433,
169652, 182223, 182189, 182189, 182223, 191492,
169668, 182202, 182232, 182232, 182202, 191493,
169684, 182243, 179463, 179463, 182243, 191431,
169700, 182190, 182223, 182223, 182190, 191492,
169716, 182212, 179565, 179565, 182212, 191433,
169732, 179586, 182243, 182243, 179586, 191431,
169748, 182232, 182201, 182201, 182232, 191493,
169764, 182285, 182286, 182286, 182285, 191494,
169780, 182297, 179521, 179521, 182297, 191432,
169796, 182307, 182308, 182308, 182307, 191495,
169812, 182319, 182285, 182285, 182319, 191494,
169828, 179598, 182328, 182328, 179598, 191434,
169844, 182339, 182307, 182307, 182339, 191495,
169860, 182308, 182339, 182339, 182308, 191495,
169876, 182328, 179619, 179619, 182328, 191434,
169892, 179628, 182297, 182297, 179628, 191432,
169908, 182286, 182319, 182319, 182286, 191494,
169924, 182381, 182382, 182382, 182381, 191496,
169940, 182393, 182394, 182394, 182393, 191497,
169956, 182405, 182406, 182406, 182405, 191498,
169972, 182417, 182381, 182381, 182417, 191496,
169988, 182427, 182428, 182428, 182427, 191499,
170004, 182439, 182405, 182405, 182439, 191498,
170020, 182394, 182448, 182448, 182394, 191497,
170036, 182459, 182427, 182427, 182459, 191499,
170052, 182469, 182470, 182470, 182469, 191500,
170068, 182481, 182482, 182482, 182481, 191501,
170084, 182493, 182494, 182494, 182493, 191502,
170100, 182505, 182506, 182506, 182505, 191503,
170116, 182428, 182459, 182459, 182428, 191499,
170132, 182448, 182393, 182393, 182448, 191497,
170148, 182382, 182417, 182417, 182382, 191496,
170164, 182406, 182439, 182439, 182406, 191498,
170180, 182470, 182548, 182548, 182470, 191500,
170196, 182559, 182505, 182505, 182559, 191503,
170212, 182494, 182568, 182568, 182494, 191502,
170228, 182579, 182481, 182481, 182579, 191501,
170244, 182482, 182579, 182579, 182482, 191501,
170260, 182568, 182493, 182493, 182568, 191502,
170276, 182506, 182559, 182559, 182506, 191503,
170292, 182548, 182469, 182469, 182548, 191500,
170308, 182621, 182622, 182622, 182621, 191504,
170324, 182633, 182634, 182634, 182633, 191505,
170340, 182645, 182646, 182646, 182645, 191506,
170356, 182657, 182621, 182621, 182657, 191504,
170372, 182667, 182668, 182668, 182667, 191507,
170388, 182679, 182645, 182645, 182679, 191506,
170404, 182634, 182688, 182688, 182634, 191505,
170420, 182699, 182667, 182667, 182699, 191507,
170436, 182709, 182710, 182710, 182709, 191508,
170452, 182721, 182722, 182722, 182721, 191509,
170468, 182733, 182734, 182734, 182733, 191510,
170484, 182745, 182746, 182746, 182745, 191511,
170500, 182668, 182699, 182699, 182668, 191507,
170516, 182688, 182633, 182633, 182688, 191505,
170532, 182622, 182657, 182657, 182622, 191504,
170548, 182646, 182679, 182679, 182646, 191506,
170564, 182710, 182788, 182788, 182710, 191508,
170580, 182799, 182745, 182745, 182799, 191511,
170596, 182734, 182808, 182808, 182734, 191510,
170612, 182819, 182721, 182721, 182819, 191509,
170628, 182722, 182819, 182819, 182722, 191509,
170644, 182808, 182733, 182733, 182808, 191510,
170660, 182746, 182799, 182799, 182746, 191511,
170676, 182788, 182709, 182709, 182788, 191508,
170692, 182861, 182862, 182862, 182861, 191512,
170708, 182873, 182874, 182874, 182873, 191513,
170724, 182885, 182886, 182886, 182885, 191514,
170740, 182897, 182861, 182861, 182897, 191512,
170756, 182907, 182908, 182908, 182907, 191515,
170772, 182919, 182885, 182885, 182919, 191514,
170788, 182874, 182928, 182928, 182874, 191513,
170804, 182939, 182907, 182907, 182939, 191515,
170820, 182949, 182950, 182950, 182949, 191516,
170836, 182961, 182962, 182962, 182961, 191517,
170852, 182973, 182974, 182974, 182973, 191518,
170868, 182985, 182986, 182986, 182985, 191519,
170884, 182908, 182939, 182939, 182908, 191515,
170900, 182928, 182873, 182873, 182928, 191513,
170916, 182862, 182897, 182897, 182862, 191512,
170932, 182886, 182919, 182919, 182886, 191514,
170948, 182950, 183028, 183028, 182950, 191516,
170964, 183039, 182985, 182985, 183039, 191519,
170980, 182974, 183048, 183048, 182974, 191518,
170996, 183059, 182961, 182961, 183059, 191517,
171012, 182962, 183059, 183059, 182962, 191517,
171028, 183048, 182973, 182973, 183048, 191518,
171044, 182986, 183039, 183039, 182986, 191519,
171060, 183028, 182949, 182949, 183028, 191516,
171076, 183101, 183102, 183102, 183101, 191520,
171092, 183113, 183114, 183114, 183113, 191521,
171108, 183125, 183126, 183126, 183125, 191522,
171124, 183137, 183101, 183101, 183137, 191520,
171140, 183147, 183148, 183148, 183147, 191523,
171156, 183159, 183125, 183125, 183159, 191522,
171172, 183114, 183168, 183168, 183114, 191521,
171188, 183179, 183147, 183147, 183179, 191523,
171204, 183189, 183190, 183190, 183189, 191524,
171220, 183201, 183202, 183202, 183201, 191525,
171236, 183213, 183214, 183214, 183213, 191526,
171252, 183225, 183226, 183226, 183225, 191527,
171268, 183148, 183179, 183179, 183148, 191523,
171284, 183168, 183113, 183113, 183168, 191521,
171300, 183102, 183137, 183137, 183102, 191520,
171316, 183126, 183159, 183159, 183126, 191522,
171332, 183190, 183268, 183268, 183190, 191524,
171348, 183279, 183225, 183225, 183279, 191527,
171364, 183214, 183288, 183288, 183214, 191526,
171380, 183299, 183201, 183201, 183299, 191525,
171396, 183202, 183299, 183299, 183202, 191525,
171412, 183288, 183213, 183213, 183288, 191526,
171428, 183226, 183279, 183279, 183226, 191527,
171444, 183268, 183189, 183189, 183268, 191524,
171460, 183341, 183342, 183342, 183341, 191528,
171476, 183353, 183354, 183354, 183353, 191529,
171492, 183354, 183364, 183364, 183354, 191529,
171508, 183375, 183376, 183376, 183375, 191530,
171524, 183376, 183386, 183386, 183376, 191530,
171540, 183397, 183398, 183398, 183397, 191531,
171556, 183398, 183408, 183408, 183398, 191531,
171572, 183419, 183341, 183341, 183419, 191528,
171588, 183429, 183430, 183430, 183429, 191532,
171604, 183441, 183442, 183442, 183441, 191533,
171620, 183453, 183454, 183454, 183453, 191534,
171636, 183465, 183466, 183466, 183465, 191535,
171652, 183386, 183375, 183375, 183386, 191530,
171668, 183364, 183353, 183353, 183364, 191529,
171684, 183342, 183419, 183419, 183342, 191528,
171700, 183408, 183397, 183397, 183408, 191531,
171716, 183430, 183508, 183508, 183430, 191532,
171732, 183519, 183465, 183465, 183519, 191535,
171748, 183454, 183528, 183528, 183454, 191534,
171764, 183539, 183441, 183441, 183539, 191533,
171780, 183466, 183519, 183519, 183466, 191535,
171796, 183508, 183429, 183429, 183508, 191532,
171812, 183442, 183539, 183539, 183442, 191533,
171828, 183528, 183453, 183453, 183528, 191534,
171844, 183581, 183582, 183582, 183581, 191536,
171860, 183593, 183594, 183594, 183593, 191537,
171876, 183594, 183604, 183604, 183594, 191537,
171892, 183615, 183616, 183616, 183615, 191538,
171908, 183616, 183626, 183626, 183616, 191538,
171924, 183637, 183638, 183638, 183637, 191539,
171940, 183638, 183648, 183648, 183638, 191539,
171956, 183659, 183581, 183581, 183659, 191536,
171972, 183669, 183670, 183670, 183669, 191540,
171988, 183681, 183682, 183682, 183681, 191541,
172004, 183693, 183694, 183694, 183693, 191542,
172020, 183705, 183706, 183706, 183705, 191543,
172036, 183626, 183615, 183615, 183626, 191538,
172052, 183604, 183593, 183593, 183604, 191537,
172068, 183582, 183659, 183659, 183582, 191536,
172084, 183648, 183637, 183637, 183648, 191539,
172100, 183670, 183748, 183748, 183670, 191540,
172116, 183759, 183705, 183705, 183759, 191543,
172132, 183694, 183768, 183768, 183694, 191542,
172148, 183779, 183681, 183681, 183779, 191541,
172164, 183706, 183759, 183759, 183706, 191543,
172180, 183748, 183669, 183669, 183748, 191540,
172196, 183682, 183779, 183779, 183682, 191541,
172212, 183768, 183693, 183693, 183768, 191542,
172228, 183821, 183822, 183822, 183821, 191544,
172244, 183833, 183834, 183834, 183833, 191545,
172260, 183834, 183844, 183844, 183834, 191545,
172276, 183855, 183856, 183856, 183855, 191546,
172292, 183856, 183866, 183866, 183856, 191546,
172308, 183877, 183878, 183878, 183877, 191547,
172324, 183878, 183888, 183888, 183878, 191547,
172340, 183899, 183821, 183821, 183899, 191544,
172356, 183909, 183910, 183910, 183909, 191548,
172372, 183921, 183922, 183922, 183921, 191549,
172388, 183933, 183934, 183934, 183933, 191550,
172404, 183945, 183946, 183946, 183945, 191551,
172420, 183866, 183855, 183855, 183866, 191546,
172436, 183844, 183833, 183833, 183844, 191545,
172452, 183822, 183899, 183899, 183822, 191544,
172468, 183888, 183877, 183877, 183888, 191547,
172484, 183910, 183988, 183988, 183910, 191548,
172500, 183999, 183945, 183945, 183999, 191551,
172516, 183934, 184008, 184008, 183934, 191550,
172532, 184019, 183921, 183921, 184019, 191549,
172548, 183946, 183999, 183999, 183946, 191551,
172564, 183988, 183909, 183909, 183988, 191548,
172580, 183922, 184019, 184019, 183922, 191549,
172596, 184008, 183933, 183933, 184008, 191550,
172612, 184061, 184062, 184062, 184061, 191552,
172628, 184073, 184074, 184074, 184073, 191553,
172644, 184074, 184084, 184084, 184074, 191553,
172660, 184095, 184096, 184096, 184095, 191554,
172676, 184096, 184106, 184106, 184096, 191554,
172692, 184117, 184118, 184118, 184117, 191555,
172708, 184118, 184128, 184128, 184118, 191555,
172724, 184139, 184061, 184061, 184139, 191552,
172740, 184149, 184150, 184150, 184149, 191556,
172756, 184161, 184162, 184162, 184161, 191557,
172772, 184173, 184174, 184174, 184173, 191558,
172788, 184185, 184186, 184186, 184185, 191559,
172804, 184106, 184095, 184095, 184106, 191554,
172820, 184084, 184073, 184073, 184084, 191553,
172836, 184062, 184139, 184139, 184062, 191552,
172852, 184128, 184117, 184117, 184128, 191555,
172868, 184150, 184228, 184228, 184150, 191556,
172884, 184239, 184185, 184185, 184239, 191559,
172900, 184174, 184248, 184248, 184174, 191558,
172916, 184259, 184161, 184161, 184259, 191557,
172932, 184186, 184239, 184239, 184186, 191559,
172948, 184228, 184149, 184149, 184228, 191556,
172964, 184162, 184259, 184259, 184162, 191557,
172980, 184248, 184173, 184173, 184248, 191558,
172996, 184301, 184302, 184302, 184301, 191560,
173012, 184313, 184314, 184314, 184313, 191561,
173028, 184325, 184326, 184326, 184325, 191562,
173044, 184337, 184338, 184338, 184337, 191563,
173060, 184314, 184348, 184348, 184314, 191561,
173076, 184359, 184360, 184360, 184359, 191564,
173092, 184371, 184372, 184372, 184371, 191565,
173108, 184383, 184301, 184301, 184383, 191560,
173124, 184393, 184371, 184371, 184393, 191565,
173140, 184360, 184402, 184402, 184360, 191564,
173156, 184413, 184383, 184383, 184413, 191560,
173172, 184372, 184393, 184393, 184372, 191565,
173188, 184402, 184359, 184359, 184402, 191564,
173204, 184348, 184438, 184438, 184348, 191561,
173220, 184449, 184313, 184313, 184449, 191561,
173236, 176608, 176379, 176379, 176608, 191360,
173252, 184438, 184449, 184449, 184438, 191561,
173268, 184302, 184474, 184474, 184302, 191560,
173284, 184474, 184413, 184413, 184474, 191560,
173300, 178220, 177985, 177985, 178220, 191401,
173316, 184338, 184500, 184500, 184338, 191563,
173332, 184511, 184325, 184325, 184511, 191562,
173348, 178342, 178273, 178273, 178342, 191408,
173364, 178262, 178285, 178285, 178262, 191407,
173380, 178010, 178333, 178333, 178010, 191402,
173396, 178322, 178353, 178353, 178322, 191409,
173412, 176262, 176591, 176591, 176262, 191356,
173428, 176238, 176273, 176273, 176238, 191354,
173444, 176318, 176339, 176339, 176318, 191358,
173460, 176328, 176249, 176249, 176328, 191355,
173476, 179464, 179585, 179585, 179464, 191431,
173492, 179574, 177653, 177653, 179574, 191383,
173508, 177642, 179475, 179475, 177642, 191389,
173524, 174816, 176951, 176951, 174816, 191310,
173540, 176940, 174827, 174827, 176940, 191309,
173556, 179658, 177581, 177581, 179658, 191384,
173572, 177594, 179669, 179669, 177594, 191385,
173588, 184326, 184511, 184511, 184326, 191562,
173604, 184500, 184337, 184337, 184500, 191563,
